	AUS	BRA	CAN	CHL	COL	CZE	FIN	GHA	GTM	HUN	ISL	IDN	ISR	MEX	NZL	NOR	PER	PHL	POL	ROU	SVK	ZAF	KOR	ESP	SWE	CHE	THA	TUR	GBR	AUT	BEL	DNK	FRA	DEU	GRC	IRL	ITA	JPN	LUX	NLD	PRT	USA	ARG	PAN	BOL	VEN	CRI	EGY	CHN	IND	PAK	MYS	SGP	BGR	LTU	LVA	EST	CYP
AUS	0	0	1	0	0	0	0	1	0	0	0	0	1	0	1	0	0	0	0	0	0	1	0	0	0	0	1	0	1	0	0	0	0	0	0	1	0	0	0	0	0	1	0	0	0	0	0	0	0	1	1	1	1	0	0	0	0	1
BRA	0	0	0	1	1	0	0	0	1	0	0	1	0	1	0	0	1	1	0	0	0	0	0	1	0	0	0	1	0	0	1	0	1	0	1	0	1	0	1	1	1	0	1	1	1	1	1	1	0	0	0	0	0	0	0	0	0	0
CAN	1	0	0	0	0	0	0	1	0	0	0	0	1	0	1	0	0	0	0	0	0	1	0	0	0	0	1	0	1	0	0	0	0	0	0	1	0	0	0	0	0	1	0	0	0	0	0	0	0	1	1	1	1	0	0	0	0	1
CHL	0	1	0	0	1	0	0	0	1	0	0	1	0	1	0	0	1	1	0	0	0	0	0	1	0	0	0	1	0	0	1	0	1	0	1	0	1	0	1	1	1	0	1	1	1	1	1	1	0	0	0	0	0	0	0	0	0	0
COL	0	1	0	1	0	0	0	0	1	0	0	1	0	1	0	0	1	1	0	0	0	0	0	1	0	0	0	1	0	0	1	0	1	0	1	0	1	0	1	1	1	0	1	1	1	1	1	1	0	0	0	0	0	0	0	0	0	0
CZE	0	0	0	0	0	0	0	0	0	1	0	0	0	0	0	0	0	0	1	1	1	0	0	0	0	0	0	0	0	0	0	0	0	0	0	0	0	0	0	0	0	0	0	0	0	0	0	0	1	0	0	0	0	1	1	1	1	0
FIN	0	0	0	0	0	0	0	0	0	0	1	0	0	0	0	1	0	0	0	0	0	0	0	0	1	0	0	0	0	0	0	1	0	0	0	0	0	0	0	0	0	0	0	0	0	0	0	0	0	0	0	0	0	0	0	0	0	0
GHA	1	0	1	0	0	0	0	0	0	0	0	0	1	0	1	0	0	0	0	0	0	1	0	0	0	0	1	0	1	0	0	0	0	0	0	1	0	0	0	0	0	1	0	0	0	0	0	0	0	1	1	1	1	0	0	0	0	1
GTM	0	1	0	1	1	0	0	0	0	0	0	1	0	1	0	0	1	1	0	0	0	0	0	1	0	0	0	1	0	0	1	0	1	0	1	0	1	0	1	1	1	0	1	1	1	1	1	1	0	0	0	0	0	0	0	0	0	0
HUN	0	0	0	0	0	1	0	0	0	0	0	0	0	0	0	0	0	0	1	1	1	0	0	0	0	0	0	0	0	0	0	0	0	0	0	0	0	0	0	0	0	0	0	0	0	0	0	0	1	0	0	0	0	1	1	1	1	0
ISL	0	0	0	0	0	0	1	0	0	0	0	0	0	0	0	1	0	0	0	0	0	0	0	0	1	0	0	0	0	0	0	1	0	0	0	0	0	0	0	0	0	0	0	0	0	0	0	0	0	0	0	0	0	0	0	0	0	0
IDN	0	1	0	1	1	0	0	0	1	0	0	0	0	1	0	0	1	1	0	0	0	0	0	1	0	0	0	1	0	0	1	0	1	0	1	0	1	0	1	1	1	0	1	1	1	1	1	1	0	0	0	0	0	0	0	0	0	0
ISR	1	0	1	0	0	0	0	1	0	0	0	0	0	0	1	0	0	0	0	0	0	1	0	0	0	0	1	0	1	0	0	0	0	0	0	1	0	0	0	0	0	1	0	0	0	0	0	0	0	1	1	1	1	0	0	0	0	1
MEX	0	1	0	1	1	0	0	0	1	0	0	1	0	0	0	0	1	1	0	0	0	0	0	1	0	0	0	1	0	0	1	0	1	0	1	0	1	0	1	1	1	0	1	1	1	1	1	1	0	0	0	0	0	0	0	0	0	0
NZL	1	0	1	0	0	0	0	1	0	0	0	0	1	0	0	0	0	0	0	0	0	1	0	0	0	0	1	0	1	0	0	0	0	0	0	1	0	0	0	0	0	1	0	0	0	0	0	0	0	1	1	1	1	0	0	0	0	1
NOR	0	0	0	0	0	0	1	0	0	0	1	0	0	0	0	0	0	0	0	0	0	0	0	0	1	0	0	0	0	0	0	1	0	0	0	0	0	0	0	0	0	0	0	0	0	0	0	0	0	0	0	0	0	0	0	0	0	0
PER	0	1	0	1	1	0	0	0	1	0	0	1	0	1	0	0	0	1	0	0	0	0	0	1	0	0	0	1	0	0	1	0	1	0	1	0	1	0	1	1	1	0	1	1	1	1	1	1	0	0	0	0	0	0	0	0	0	0
PHL	0	1	0	1	1	0	0	0	1	0	0	1	0	1	0	0	1	0	0	0	0	0	0	1	0	0	0	1	0	0	1	0	1	0	1	0	1	0	1	1	1	0	1	1	1	1	1	1	0	0	0	0	0	0	0	0	0	0
POL	0	0	0	0	0	1	0	0	0	1	0	0	0	0	0	0	0	0	0	1	1	0	0	0	0	0	0	0	0	0	0	0	0	0	0	0	0	0	0	0	0	0	0	0	0	0	0	0	1	0	0	0	0	1	1	1	1	0
ROU	0	0	0	0	0	1	0	0	0	1	0	0	0	0	0	0	0	0	1	0	1	0	0	0	0	0	0	0	0	0	0	0	0	0	0	0	0	0	0	0	0	0	0	0	0	0	0	0	1	0	0	0	0	1	1	1	1	0
SVK	0	0	0	0	0	1	0	0	0	1	0	0	0	0	0	0	0	0	1	1	0	0	0	0	0	0	0	0	0	0	0	0	0	0	0	0	0	0	0	0	0	0	0	0	0	0	0	0	1	0	0	0	0	1	1	1	1	0
ZAF	1	0	1	0	0	0	0	1	0	0	0	0	1	0	1	0	0	0	0	0	0	0	0	0	0	0	1	0	1	0	0	0	0	0	0	1	0	0	0	0	0	1	0	0	0	0	0	0	0	1	1	1	1	0	0	0	0	1
KOR	0	0	0	0	0	0	0	0	0	0	0	0	0	0	0	0	0	0	0	0	0	0	0	0	0	1	0	0	0	1	0	0	0	1	0	0	0	1	0	0	0	0	0	0	0	0	0	0	0	0	0	0	0	0	0	0	0	0
ESP	0	1	0	1	1	0	0	0	1	0	0	1	0	1	0	0	1	1	0	0	0	0	0	0	0	0	0	1	0	0	1	0	1	0	1	0	1	0	1	1	1	0	1	1	1	1	1	1	0	0	0	0	0	0	0	0	0	0
SWE	0	0	0	0	0	0	1	0	0	0	1	0	0	0	0	1	0	0	0	0	0	0	0	0	0	0	0	0	0	0	0	1	0	0	0	0	0	0	0	0	0	0	0	0	0	0	0	0	0	0	0	0	0	0	0	0	0	0
CHE	0	0	0	0	0	0	0	0	0	0	0	0	0	0	0	0	0	0	0	0	0	0	1	0	0	0	0	0	0	1	0	0	0	1	0	0	0	1	0	0	0	0	0	0	0	0	0	0	0	0	0	0	0	0	0	0	0	0
THA	1	0	1	0	0	0	0	1	0	0	0	0	1	0	1	0	0	0	0	0	0	1	0	0	0	0	0	0	1	0	0	0	0	0	0	1	0	0	0	0	0	1	0	0	0	0	0	0	0	1	1	1	1	0	0	0	0	1
TUR	0	1	0	1	1	0	0	0	1	0	0	1	0	1	0	0	1	1	0	0	0	0	0	1	0	0	0	0	0	0	1	0	1	0	1	0	1	0	1	1	1	0	1	1	1	1	1	1	0	0	0	0	0	0	0	0	0	0
GBR	1	0	1	0	0	0	0	1	0	0	0	0	1	0	1	0	0	0	0	0	0	1	0	0	0	0	1	0	0	0	0	0	0	0	0	1	0	0	0	0	0	1	0	0	0	0	0	0	0	1	1	1	1	0	0	0	0	1
AUT	0	0	0	0	0	0	0	0	0	0	0	0	0	0	0	0	0	0	0	0	0	0	1	0	0	1	0	0	0	0	0	0	0	1	0	0	0	1	0	0	0	0	0	0	0	0	0	0	0	0	0	0	0	0	0	0	0	0
BEL	0	1	0	1	1	0	0	0	1	0	0	1	0	1	0	0	1	1	0	0	0	0	0	1	0	0	0	1	0	0	0	0	1	0	1	0	1	0	1	1	1	0	1	1	1	1	1	1	0	0	0	0	0	0	0	0	0	0
DNK	0	0	0	0	0	0	1	0	0	0	1	0	0	0	0	1	0	0	0	0	0	0	0	0	1	0	0	0	0	0	0	0	0	0	0	0	0	0	0	0	0	0	0	0	0	0	0	0	0	0	0	0	0	0	0	0	0	0
FRA	0	1	0	1	1	0	0	0	1	0	0	1	0	1	0	0	1	1	0	0	0	0	0	1	0	0	0	1	0	0	1	0	0	0	1	0	1	0	1	1	1	0	1	1	1	1	1	1	0	0	0	0	0	0	0	0	0	0
DEU	0	0	0	0	0	0	0	0	0	0	0	0	0	0	0	0	0	0	0	0	0	0	1	0	0	1	0	0	0	1	0	0	0	0	0	0	0	1	0	0	0	0	0	0	0	0	0	0	0	0	0	0	0	0	0	0	0	0
GRC	0	1	0	1	1	0	0	0	1	0	0	1	0	1	0	0	1	1	0	0	0	0	0	1	0	0	0	1	0	0	1	0	1	0	0	0	1	0	1	1	1	0	1	1	1	1	1	1	0	0	0	0	0	0	0	0	0	0
IRL	1	0	1	0	0	0	0	1	0	0	0	0	1	0	1	0	0	0	0	0	0	1	0	0	0	0	1	0	1	0	0	0	0	0	0	0	0	0	0	0	0	1	0	0	0	0	0	0	0	1	1	1	1	0	0	0	0	1
ITA	0	1	0	1	1	0	0	0	1	0	0	1	0	1	0	0	1	1	0	0	0	0	0	1	0	0	0	1	0	0	1	0	1	0	1	0	0	0	1	1	1	0	1	1	1	1	1	1	0	0	0	0	0	0	0	0	0	0
JPN	0	0	0	0	0	0	0	0	0	0	0	0	0	0	0	0	0	0	0	0	0	0	1	0	0	1	0	0	0	1	0	0	0	1	0	0	0	0	0	0	0	0	0	0	0	0	0	0	0	0	0	0	0	0	0	0	0	0
LUX	0	1	0	1	1	0	0	0	1	0	0	1	0	1	0	0	1	1	0	0	0	0	0	1	0	0	0	1	0	0	1	0	1	0	1	0	1	0	0	1	1	0	1	1	1	1	1	1	0	0	0	0	0	0	0	0	0	0
NLD	0	1	0	1	1	0	0	0	1	0	0	1	0	1	0	0	1	1	0	0	0	0	0	1	0	0	0	1	0	0	1	0	1	0	1	0	1	0	1	0	1	0	1	1	1	1	1	1	0	0	0	0	0	0	0	0	0	0
PRT	0	1	0	1	1	0	0	0	1	0	0	1	0	1	0	0	1	1	0	0	0	0	0	1	0	0	0	1	0	0	1	0	1	0	1	0	1	0	1	1	0	0	1	1	1	1	1	1	0	0	0	0	0	0	0	0	0	0
USA	1	0	1	0	0	0	0	1	0	0	0	0	1	0	1	0	0	0	0	0	0	1	0	0	0	0	1	0	1	0	0	0	0	0	0	1	0	0	0	0	0	0	0	0	0	0	0	0	0	1	1	1	1	0	0	0	0	1
ARG	0	1	0	1	1	0	0	0	1	0	0	1	0	1	0	0	1	1	0	0	0	0	0	1	0	0	0	1	0	0	1	0	1	0	1	0	1	0	1	1	1	0	0	1	1	1	1	1	0	0	0	0	0	0	0	0	0	0
PAN	0	1	0	1	1	0	0	0	1	0	0	1	0	1	0	0	1	1	0	0	0	0	0	1	0	0	0	1	0	0	1	0	1	0	1	0	1	0	1	1	1	0	1	0	1	1	1	1	0	0	0	0	0	0	0	0	0	0
BOL	0	1	0	1	1	0	0	0	1	0	0	1	0	1	0	0	1	1	0	0	0	0	0	1	0	0	0	1	0	0	1	0	1	0	1	0	1	0	1	1	1	0	1	1	0	1	1	1	0	0	0	0	0	0	0	0	0	0
VEN	0	1	0	1	1	0	0	0	1	0	0	1	0	1	0	0	1	1	0	0	0	0	0	1	0	0	0	1	0	0	1	0	1	0	1	0	1	0	1	1	1	0	1	1	1	0	1	1	0	0	0	0	0	0	0	0	0	0
CRI	0	1	0	1	1	0	0	0	1	0	0	1	0	1	0	0	1	1	0	0	0	0	0	1	0	0	0	1	0	0	1	0	1	0	1	0	1	0	1	1	1	0	1	1	1	1	0	1	0	0	0	0	0	0	0	0	0	0
EGY	0	1	0	1	1	0	0	0	1	0	0	1	0	1	0	0	1	1	0	0	0	0	0	1	0	0	0	1	0	0	1	0	1	0	1	0	1	0	1	1	1	0	1	1	1	1	1	0	0	0	0	0	0	0	0	0	0	0
CHN	0	0	0	0	0	1	0	0	0	1	0	0	0	0	0	0	0	0	1	1	1	0	0	0	0	0	0	0	0	0	0	0	0	0	0	0	0	0	0	0	0	0	0	0	0	0	0	0	0	0	0	0	0	1	1	1	1	0
IND	1	0	1	0	0	0	0	1	0	0	0	0	1	0	1	0	0	0	0	0	0	1	0	0	0	0	1	0	1	0	0	0	0	0	0	1	0	0	0	0	0	1	0	0	0	0	0	0	0	0	1	1	1	0	0	0	0	1
PAK	1	0	1	0	0	0	0	1	0	0	0	0	1	0	1	0	0	0	0	0	0	1	0	0	0	0	1	0	1	0	0	0	0	0	0	1	0	0	0	0	0	1	0	0	0	0	0	0	0	1	0	1	1	0	0	0	0	1
MYS	1	0	1	0	0	0	0	1	0	0	0	0	1	0	1	0	0	0	0	0	0	1	0	0	0	0	1	0	1	0	0	0	0	0	0	1	0	0	0	0	0	1	0	0	0	0	0	0	0	1	1	0	1	0	0	0	0	1
SGP	1	0	1	0	0	0	0	1	0	0	0	0	1	0	1	0	0	0	0	0	0	1	0	0	0	0	1	0	1	0	0	0	0	0	0	1	0	0	0	0	0	1	0	0	0	0	0	0	0	1	1	1	0	0	0	0	0	1
BGR	0	0	0	0	0	1	0	0	0	1	0	0	0	0	0	0	0	0	1	1	1	0	0	0	0	0	0	0	0	0	0	0	0	0	0	0	0	0	0	0	0	0	0	0	0	0	0	0	1	0	0	0	0	0	1	1	1	0
LTU	0	0	0	0	0	1	0	0	0	1	0	0	0	0	0	0	0	0	1	1	1	0	0	0	0	0	0	0	0	0	0	0	0	0	0	0	0	0	0	0	0	0	0	0	0	0	0	0	1	0	0	0	0	1	0	1	1	0
LVA	0	0	0	0	0	1	0	0	0	1	0	0	0	0	0	0	0	0	1	1	1	0	0	0	0	0	0	0	0	0	0	0	0	0	0	0	0	0	0	0	0	0	0	0	0	0	0	0	1	0	0	0	0	1	1	0	1	0
EST	0	0	0	0	0	1	0	0	0	1	0	0	0	0	0	0	0	0	1	1	1	0	0	0	0	0	0	0	0	0	0	0	0	0	0	0	0	0	0	0	0	0	0	0	0	0	0	0	1	0	0	0	0	1	1	1	0	0
CYP	1	0	1	0	0	0	0	1	0	0	0	0	1	0	1	0	0	0	0	0	0	1	0	0	0	0	1	0	1	0	0	0	0	0	0	1	0	0	0	0	0	1	0	0	0	0	0	0	0	1	1	1	1	0	0	0	0	0
