Country	Year	IT	INFLT	GDPG	EXRR	DEBT	FINDEV	LCBI			
AUS	1985	0	0.0631	5.3252	4	24.1	0.4953	0			
BRA	1985	0	0.6932	7.9459	5	46.091	0.5091	0			
CAN	1985	0	0.0380	4.7801	2	41.6	0.8963	1			
CHL	1985	0	0.2276	7.1192	3	47.3	1.1467	0			
COL	1985	0	0.1939	3.0883	3	48.4315	0.4250	0			
CZE	1985	0	0.0263	4.3447	2	53.5	0.9135	0			
FIN	1985	0	0.0554	3.2805	2	13.945	0.5860	0			
GHA	1985	0	0.0934	5.0916	4	13.879	0.2347	0			
GTM	1985	0	0.1575	-0.6093	5	44.4563	0.3939	0			
HUN	1985	0	0.0655	-0.2531	3	56.1241	0.9663	0			
ISL	1985	0	0.2406	3.2928	3	31.9101	0.4262	0			
IDN	1985	0	0.0452	3.4775	2	32.1742	0.1617	0			
ISR	1985	0	0.7528	3.4478	5	255.3493	1.7519	0			
MEX	1985	0	0.3661	2.5934	5	47.297	0.4991	0			
NZL	1985	0	0.1335	0.7712	3	68.26	0.3081	0			
NOR	1985	0	0.0537	5.3540	3	26.0178	0.5356	0			
PER	1985	0	0.6203	2.8000	5	46.5538	0.2062	0			
PHL	1985	0	0.1877	-7.3066	2	32.862	0.3499	0			
POL	1985	0	0.1033	3.8620	5	41.1631	0.5812	0			
ROU	1985	0	-0.0020	-0.0993	5	46.2279	0.8146	0			
SVK	1985	0	0.0263	3.4984	2	54.7549	0.9458	0			
ZAF	1985	0	0.1401	-1.2115	3	27.6172	0.9681	0			
KOR	1985	0	0.0240	6.8025	2	16.6109	0.5077	0			
ESP	1985	0	0.0811	2.3214	2	39.0459	1.0076	0			
SWE	1985	0	0.0686	2.1897	2	61.235	1.0197	0			
CHE	1985	0	0.0332	3.5132	2	16.0219	1.4533	1			
THA	1985	0	0.0237	4.6472	1	31.9559	0.8451	0			
TUR	1985	0	0.3102	4.2413	5	19.943	0.3989	0			
UK	1985	0	0.0572	3.5994	3	46.9186	0.5331	0			
AUT	1985	0	0.0309	2.1239	1	36.8606	1.0097	1			
BEL	1985	0	0.0464	1.6518	1	99.9131	0.6388	1			
DNK	1985	0	0.0444	4.0245	2	71.5409	0.6155	1			
FRA	1985	0	0.0551	1.7088	2	30.609	0.8684	0			
DEU	1985	0	0.0213	2.3279	4	18.338	0.9775	1			
GRC	1985	0	0.1618	2.5095	2	56.31	0.7502	0			
IRL	1985	0	0.0516	3.0856	2	105.814	0.5743	0			
ITA	1985	0	0.0843	2.7981	2	79.0796	0.8655	0			
JPN	1985	0	0.0201	5.0824	4	50.3524	2.1686	0			
LUX	1985	0	0.0393	2.7914	1	6.3054	0.8456	0			
NLD	1985	0	-0.1066	2.2679	1	50.968	1.4935	0			
PRT	1985	0	0.1642	2.8074	2	53.226	0.9128	0			
USA	1985	0	0.0344	4.1046	4	44.7673	1.3405	1			
ARG	1985	0	0.8705	-7.5867	1	76.4817	0.3257	0			
PAN	1985	0	0.0102	4.9422	1	61.4945	0.6932	0			
BOL	1985	0	0.9916	-1.6764	5	56.1772	0.0995	0			
VEN	1985	0	0.1022	0.1933	3	21.9158	0.5224	0			
CRI	1985	0	0.1308	1.0414	3	22.9557	0.3080	0			
EGY	1985	0	0.1080	6.6020	3	51.2731	1.0911	0			
CHN	1985	0	0.0851	13.5000	3	38.6417	0.6577	0			
IND	1985	0	0.0527	5.2342	2	45.5086	0.4668	0			
PAK	1985	0	0.0532	7.5921	2	60.1875	0.5206	0			
MYS	1985	0	0.0035	-1.1222	2	82.4603	1.1647	0			
SGP	1985	0	0.0048	-1.4431	3	84.8397	0.7418	0			
BGR	1985	0	0.0272	2.6834	1	58.6553	0.9164	0			
LTU	1985	0	0.0452	4.3128	1	56.1908	0.8244	0			
LVA	1985	0	0.0829	-0.3755	1	63.041	0.9412	0			
EST	1985	0	0.0759	0.4999	1	61.7619	0.9194	0			
CYP	1985	0	0.0479	4.8825	2	47.5122	0.7156	0			
AUS	1986	0	0.0832	4.4454	4	25.4	0.5317	1			
BRA	1986	0	0.5954	7.9883	5	38.4816	0.0114	0			
CAN	1986	0	0.0401	2.4208	2	43.6473	0.9160	1			
CHL	1986	0	0.1709	5.5964	3	40.8	1.0835	0			
COL	1986	0	0.1587	5.8383	3	48.2344	0.6968	0			
CZE	1986	0	0.0050	4.5259	2	53.2887	0.9418	0			
FIN	1986	0	0.0282	2.6259	2	14.4537	0.6072	0			
GHA	1986	0	0.1972	5.1992	5	37.3212	0.2397	0			
GTM	1986	0	0.2697	0.1430	5	44.5389	0.3061	0			
HUN	1986	0	0.0502	1.5349	3	54.8213	1.0333	0			
ISL	1986	0	0.1797	6.2705	3	28.3485	0.3654	0			
IDN	1986	0	0.0551	5.9645	2	52.035	0.2099	0			
ISR	1986	0	0.3251	4.7914	2	194.8645	1.3085	0			
MEX	1986	0	0.4630	-3.7539	5	46.8711	0.6453	0			
NZL	1986	0	0.1168	2.0945	3	73.01	0.3203	0			
NOR	1986	0	0.0671	4.0376	3	34.5804	0.5982	0			
PER	1986	0	0.4379	10.0000	5	35.7797	0.1827	0			
PHL	1986	0	0.0074	3.4168	2	39.3794	0.2803	0			
POL	1986	0	0.1420	3.4940	5	41.8192	0.5494	0			
ROU	1986	0	0.0070	2.4008	5	44.0041	0.8311	0			
SVK	1986	0	0.0050	4.1667	2	53.8213	0.9555	0			
ZAF	1986	0	0.1572	0.0179	5	27.0738	0.9492	0			
KOR	1986	0	0.0268	10.6188	2	14.988	0.4977	0			
ESP	1986	0	0.0809	3.2533	2	39.6603	0.9853	0			
SWE	1986	0	0.0407	2.8611	2	59.354	1.1268	0			
CHE	1986	0	0.0073	1.7079	2	15.2629	1.4602	1			
THA	1986	0	0.0181	5.5338	1	35.293	0.8531	0			
TUR	1986	0	0.2572	7.0120	5	21.5264	0.2982	0			
UK	1986	0	0.0332	4.0123	3	47.2908	0.5788	0			
AUT	1986	0	0.0167	2.4263	1	41.1805	1.0432	1			
BEL	1986	0	0.0128	1.8228	1	105.2386	0.6650	1			
DNK	1986	0	0.0359	4.9492	2	68.557	0.6635	1			
FRA	1986	0	0.0248	2.4519	2	31.071	0.8917	0			
DEU	1986	0	-0.0012	2.2873	4	18.362	0.9582	1			
GRC	1986	0	0.1871	0.5176	2	56.94	0.7488	0			
IRL	1986	0	0.0367	-0.4285	2	105.5693	0.5691	0			
ITA	1986	0	0.0548	2.8600	2	83.5215	0.8559	0			
JPN	1986	0	0.0062	2.9587	4	51.5099	2.2684	0			
LUX	1986	0	0.0029	9.9844	1	7.9025	0.8815	0			
NLD	1986	0	0.0010	3.3187	1	51.577	0.8278	0			
PRT	1986	0	0.1052	4.1410	2	51.756	0.8368	0			
USA	1986	0	0.0183	3.4304	4	48.2517	1.4314	1			
ARG	1986	0	0.4740	7.8758	5	40.3101	0.3287	0			
PAN	1986	0	-0.0007	3.5678	1	63.5312	0.6869	0			
BOL	1986	0	0.7343	-2.5739	5	52.2427	0.0572	0			
VEN	1986	0	0.1035	6.5103	3	45.086	0.5686	0			
CRI	1986	0	0.1059	5.7849	3	26.1764	0.3014	0			
EGY	1986	0	0.1926	2.6466	3	56.9906	1.1093	0			
CHN	1986	0	0.0610	8.8000	3	44.4372	0.7729	0			
IND	1986	0	0.0803	4.7682	2	48.8219	0.4948	0			
PAK	1986	0	0.0339	5.5017	2	69.9783	0.5550	0			
MYS	1986	0	0.0073	1.1525	2	103.3718	1.3884	0			
SGP	1986	0	-0.0141	2.1218	3	88.0883	0.7471	0			
BGR	1986	0	0.0263	4.2076	1	56.3976	0.8596	0			
LTU	1986	0	0.0452	4.3128	1	56.1908	0.8244	0			
LVA	1986	0	0.0420	4.7083	1	55.6129	0.8145	0			
EST	1986	0	0.0710	1.1025	1	60.8814	0.9044	0			
CYP	1986	0	0.0121	3.7040	2	50.5306	0.7168	0			
AUS	1987	0	0.0783	2.4183	4	24.7	0.5485	1			
BRA	1987	0	0.6954	3.5996	5	44.72	0.0140	0			
CAN	1987	0	0.0418	4.2532	2	44.5241	0.9173	1			
CHL	1987	0	0.1659	6.5942	3	33.7	0.9711	0			
COL	1987	0	0.1890	5.3715	3	7.9363	0.3083	0			
CZE	1987	0	0.0010	4.5599	2	53.249	0.9471	0			
FIN	1987	0	0.0392	3.5583	2	14.98	0.6611	0			
GHA	1987	0	0.2848	4.7949	5	39.7272	0.2824	0			
GTM	1987	0	0.1097	3.5440	3	45.1383	0.3072	0			
HUN	1987	0	0.0799	4.0512	3	52.5809	1.0203	0			
ISL	1987	0	0.1507	8.5460	2	26.2358	0.4008	0			
IDN	1987	0	0.0849	5.3000	2	52.164	0.2436	0			
ISR	1987	0	0.1656	7.1877	2	168.7772	1.2325	0			
MEX	1987	0	0.5686	1.8557	5	46.5	0.5867	0			
NZL	1987	0	0.1360	0.3850	3	68.75	0.3412	0			
NOR	1987	0	0.0803	1.7800	3	26.9505	0.6965	0			
PER	1987	0	0.4618	8.0000	5	38.6968	0.2210	0			
PHL	1987	0	0.0365	4.3116	2	55.6569	0.2172	0			
POL	1987	0	0.2087	2.3020	5	43.5487	0.4967	0			
ROU	1987	0	0.0109	0.8008	5	46.7173	0.9154	0			
SVK	1987	0	0.0010	2.4599	2	56.3629	1.0273	0			
ZAF	1987	0	0.1391	2.1008	5	27.48	0.9350	0			
KOR	1987	0	0.0296	11.1041	2	16.0716	0.4918	0			
ESP	1987	0	0.0499	5.5471	2	40.2583	1.0108	0			
SWE	1987	0	0.0401	3.4571	2	54.6235	1.0116	0			
CHE	1987	0	0.0143	1.2551	2	14.6344	1.5357	1			
THA	1987	0	0.0244	9.5190	1	33.9285	0.8623	0			
TUR	1987	0	0.2798	9.4855	5	22.7577	0.2974	0			
UK	1987	0	0.0398	4.5622	3	45.6186	0.9220	0			
AUT	1987	0	0.0138	1.6920	1	44.8476	1.1072	1			
BEL	1987	0	0.0153	2.3067	1	109.642	0.6703	1			
DNK	1987	0	0.0384	0.2899	2	65.5512	0.6039	1			
FRA	1987	0	0.0319	2.4852	1	33.272	0.9202	0			
DEU	1987	0	0.0024	1.4022	4	19.172	0.9665	1			
GRC	1987	0	0.1408	-2.2589	2	63.3	0.9101	0			
IRL	1987	0	0.0303	4.6631	2	108.2105	0.5431	0			
ITA	1987	0	0.0452	3.1920	2	88.0103	0.8483	0			
JPN	1987	0	0.0012	3.7950	4	55.1642	2.4026	0			
LUX	1987	0	-0.0013	3.9511	1	6.7023	0.9123	0			
NLD	1987	0	-0.0070	2.0477	1	53.928	0.8557	0			
PRT	1987	0	0.0854	6.3814	2	58.197	0.7937	0			
USA	1987	0	0.0361	3.3439	4	49.9302	1.4515	1			
ARG	1987	0	0.5677	2.9100	5	48.7532	0.4759	0			
PAN	1987	0	0.0099	-1.8091	1	62.8103	0.6762	0			
BOL	1987	0	0.1272	2.4635	3	44.5391	0.1382	0			
VEN	1987	0	0.2196	3.5817	5	42.6352	0.5151	0			
CRI	1987	0	0.1442	6.8754	3	21.2821	0.2929	0			
EGY	1987	0	0.1645	2.5194	3	54.9951	0.9703	0			
CHN	1987	0	0.0680	11.6000	3	42.0575	0.8051	0			
IND	1987	0	0.0809	3.9574	2	49.8624	0.5008	0			
PAK	1987	0	0.0447	6.4523	2	72.0762	0.5779	0			
MYS	1987	0	0.0029	5.3886	2	101.6526	1.3369	0			
SGP	1987	0	0.0052	9.8293	3	94.1708	0.7387	0			
BGR	1987	0	0.0263	6.0545	1	53.6589	0.7890	0			
LTU	1987	0	0.0452	4.3128	1	56.1908	0.8244	0			
LVA	1987	0	0.0611	2.3382	1	59.0759	0.8736	0			
EST	1987	0	0.0517	3.5053	1	57.3706	0.8445	0			
CYP	1987	0	0.0271	7.0652	2	51.5646	0.7568	0			
AUS	1988	0	0.0674	5.1569	4	20.2	0.5701	1			
BRA	1988	0	0.8628	-0.1027	5	70.8558	1.6554	0			
CAN	1988	0	0.0387	4.9745	2	45.3598	0.9372	1			
CHL	1988	0	0.1280	7.3112	3	31.4	0.8310	0			
COL	1988	0	0.2194	4.0598	3	46.3364	0.2964	0			
CZE	1988	0	0.0020	2.0500	2	56.9681	1.0414	0			
FIN	1988	0	0.0485	5.1010	2	13.0989	0.7537	0			
GHA	1988	0	0.2387	5.6282	4	40.5767	0.2058	0			
GTM	1988	0	0.0977	3.8924	3	44.5162	0.3021	0			
HUN	1988	0	0.1364	-0.0653	3	56.5325	0.9159	0			
ISL	1988	0	0.2048	-0.0897	2	27.5848	0.4576	0			
IDN	1988	0	0.0744	6.3557	2	53.4967	0.2869	0			
ISR	1988	0	0.1396	2.0241	2	170.8409	1.2138	0			
MEX	1988	0	0.5331	1.2454	5	38.1	0.3854	0			
NZL	1988	0	0.0599	-0.1536	3	59.99	0.7762	0			
NOR	1988	0	0.0628	-0.1729	3	25.8748	0.6844	0			
PER	1988	0	0.8696	-8.7000	5	63.9174	0.3167	0			
PHL	1988	0	0.0806	6.7525	2	53.2917	0.1971	0			
POL	1988	0	0.3700	3.2850	5	44.3189	0.4168	0			
ROU	1988	0	0.0253	-0.4991	5	48.6951	0.9488	0			
SVK	1988	0	0.0020	1.9415	2	57.1289	1.0455	0			
ZAF	1988	0	0.1133	4.2000	5	27.4381	0.9443	0			
KOR	1988	0	0.0667	10.6412	2	13.5551	0.4577	0			
ESP	1988	0	0.0462	5.0943	2	36.229	1.0404	0			
SWE	1988	0	0.0551	2.6664	2	47.8824	1.1082	1			
CHE	1988	0	0.0185	3.2786	2	14.0253	1.5868	1			
THA	1988	0	0.0367	13.2881	1	28.8647	0.8412	0			
TUR	1988	0	0.4242	2.3207	5	21.6718	0.2337	0			
UK	1988	0	0.0468	5.0320	3	43.3284	1.0055	0			
AUT	1988	0	0.0189	3.1614	1	45.8371	1.1446	1			
BEL	1988	0	0.0115	4.7232	1	111.0214	0.6839	1			
DNK	1988	0	0.0435	-0.1426	2	63.8447	0.6156	1			
FRA	1988	0	0.0263	4.5981	1	33.231	0.9462	0			
DEU	1988	0	0.0125	3.7072	4	19.791	0.9688	1			
GRC	1988	0	0.1192	4.2879	2	68.93	0.8914	0			
IRL	1988	0	0.0211	5.2176	2	103.4683	0.5350	0			
ITA	1988	0	0.0486	4.1944	2	90.523	0.8417	0			
JPN	1988	0	0.0065	6.7648	4	53.2723	2.4798	0			
LUX	1988	0	0.0149	8.4628	1	5.1406	0.9453	0			
NLD	1988	0	0.0073	3.4414	1	56.452	1.0452	0			
PRT	1988	0	0.0884	7.4890	2	57.538	0.7477	0			
USA	1988	0	0.0385	4.1229	4	51.1061	1.4410	1			
ARG	1988	0	0.7742	-2.5569	5	66.2966	0.4267	0			
PAN	1988	0	0.0036	-13.3798	1	72.5216	0.6607	0			
BOL	1988	0	0.1379	2.9095	2	47.8424	0.1537	0			
VEN	1988	0	0.2276	5.8214	5	40.8535	0.5477	0			
CRI	1988	0	0.1724	3.8194	3	18.3083	0.2694	0			
EGY	1988	0	0.1501	5.3007	3	51.9445	0.9749	0			
CHN	1988	0	0.1578	11.2676	3	43.4659	0.7669	0			
IND	1988	0	0.0900	9.6374	2	49.4742	0.4979	0			
PAK	1988	0	0.0812	7.6253	2	72.9239	0.5312	0			
MYS	1988	0	0.0249	9.9377	2	96.3722	1.2951	0			
SGP	1988	0	0.0150	11.4730	3	84.3396	0.6563	0			
BGR	1988	0	0.0231	2.4000	1	19.2105	0.7942	0			
LTU	1988	0	0.0452	4.3128	1	56.1908	0.8244	0			
LVA	1988	0	0.0388	5.0966	1	55.0455	0.8049	0			
EST	1988	0	0.0569	2.8588	1	58.3153	0.8606	0			
CYP	1988	0	0.0332	8.6468	2	52.2375	1.0714	0			
AUS	1989	0	0.0703	3.6975	4	16.2	0.7044	1			
BRA	1989	0	0.9347	3.2795	5	74.2201	2.1292	0			
CAN	1989	0	0.0476	2.6194	2	45.4831	0.9808	1			
CHL	1989	0	0.1455	10.5603	2	25.5	0.7394	0			
COL	1989	0	0.2055	3.4174	3	51.6981	0.7120	0			
CZE	1989	0	0.0138	4.5310	2	53.2574	0.9270	0			
FIN	1989	0	0.0622	5.4151	2	10.7091	0.7753	0			
GHA	1989	0	0.2014	5.0859	4	40.5804	0.2123	0			
GTM	1989	0	0.1022	3.9426	5	37.6211	0.2915	0			
HUN	1989	0	0.1449	0.7364	3	55.6651	0.9002	0			
ISL	1989	0	0.1719	0.2584	2	32.9502	0.5279	0			
IDN	1989	0	0.0603	9.0847	2	43.6128	0.3522	0			
ISR	1989	0	0.1684	0.8691	2	163.0266	1.1418	0			
MEX	1989	0	0.1667	4.1983	2	28.1	0.3973	0			
NZL	1989	0	0.0541	0.5433	3	60.41	0.7842	0			
NOR	1989	0	0.0436	0.9976	3	25.7343	0.6835	0			
PER	1989	0	0.9714	-11.7000	5	67.4373	0.2081	0			
PHL	1989	0	0.0957	6.2053	2	49.7178	0.2068	0			
POL	1989	0	0.7098	3.8120	5	48.5158	0.3315	0			
ROU	1989	0	0.0089	-5.7997	5	54.6332	1.0130	0			
SVK	1989	0	0.0138	1.2083	2	58.1844	1.0540	0			
ZAF	1989	0	0.1284	2.3948	5	29.7381	0.9358	0			
KOR	1989	0	0.0539	6.7445	2	13.4661	0.4987	0			
ESP	1989	0	0.0636	4.8270	2	36.0022	1.0463	0			
SWE	1989	0	0.0605	2.7791	2	41.9433	1.1686	1			
CHE	1989	0	0.0307	4.5506	2	12.6709	1.6681	1			
THA	1989	0	0.0508	12.1905	1	23.2506	0.8667	0			
TUR	1989	0	0.3875	0.2902	5	18.4778	0.2100	0			
UK	1989	0	0.0723	2.2814	3	37.4247	1.1477	0			
AUT	1989	0	0.0250	3.5484	1	45.9745	1.1651	1			
BEL	1989	0	0.0301	3.4692	1	109.2411	0.7160	1			
DNK	1989	0	0.0457	0.5729	2	62.3349	0.6451	1			
FRA	1989	0	0.0338	4.1638	1	33.992	0.9696	0			
DEU	1989	0	0.0270	3.8965	4	19.203	0.9566	1			
GRC	1989	0	0.1205	3.8000	2	72.25	0.9260	0			
IRL	1989	0	0.0396	5.8139	2	93.4819	0.5199	0			
ITA	1989	0	0.0586	3.3884	2	93.056	0.8660	0			
JPN	1989	0	0.0224	5.2909	4	50.9226	2.5433	0			
LUX	1989	0	0.0326	9.7982	1	4.0017	0.9518	0			
NLD	1989	0	0.0107	4.4200	1	57.005	1.0379	0			
PRT	1989	0	0.1120	6.4408	2	56.34	0.6711	0			
USA	1989	0	0.0460	3.5321	4	52.1944	1.4735	1			
ARG	1989	0	0.9686	-7.4962	5	108.0809	0.8006	0			
PAN	1989	0	0.0021	1.5622	1	74.9652	0.6543	0			
BOL	1989	0	0.1317	3.7901	2	47.2673	0.1904	0			
VEN	1989	0	0.4579	-8.5699	5	57.4985	0.3743	0			
CRI	1989	0	0.1417	5.0657	3	19.3049	0.2400	0			
EGY	1989	0	0.1753	4.9724	3	52.8347	0.9855	0			
CHN	1989	0	0.1549	4.0660	3	51.1524	0.7944	0			
IND	1989	0	0.0580	5.9507	2	51.1523	0.5137	0			
PAK	1989	0	0.0727	4.9598	2	75.4795	0.5134	0			
MYS	1989	0	0.0274	9.0585	2	85.4722	1.3621	0			
SGP	1989	0	0.0229	10.0124	3	81.7649	0.6005	0			
BGR	1989	0	0.0601	-3.2899	1	23.25	0.9356	0			
LTU	1989	0	0.0452	4.3128	1	56.1908	0.8244	0			
LVA	1989	0	0.0341	5.6855	1	54.1851	0.7902	0			
EST	1989	0	0.0552	3.0672	1	58.0108	0.8554	0			
CYP	1989	0	0.0363	7.9474	2	50.8243	1.0451	0			
AUS	1990	0	0.0678	3.9371	4	12.6	0.7025	1			
BRA	1990	0	0.9672	-4.3000	5	31.2	0.8763	0			
CAN	1990	0	0.0455	0.1930	2	47.3289	1.0252	1			
CHL	1990	0	0.2065	3.6976	2	19.6	0.7018	1			
COL	1990	0	0.2257	6.0420	3	14.8	0.3645	0			
CZE	1990	0	0.0909	-1.2160	2	61.5716	1.0194	0			
FIN	1990	0	0.0575	0.0830	2	10.319	0.8183	0			
GHA	1990	0	0.2715	3.3288	5	44	0.1751	0			
GTM	1990	0	0.2919	3.1026	5	23.1	0.2591	0			
HUN	1990	0	0.2246	-3.4967	3	63.2089	1.0551	0			
ISL	1990	0	0.1343	1.1694	2	32.6522	0.4937	0			
IDN	1990	0	0.0725	9.0016	2	39.2	0.4667	0			
ISR	1990	0	0.1466	6.8355	2	155.8481	1.0623	0			
MEX	1990	0	0.2104	5.0683	2	25.3	0.3734	0			
NZL	1990	1	0.0575	0.0411	3	61.46	0.7821	0			
NOR	1990	0	0.0395	1.9274	3	22.6947	0.6619	0			
PER	1990	0	0.9868	-5.1432	5	177.9	0.2021	0			
PHL	1990	0	0.1125	3.0370	2	51.3016	0.2323	0			
POL	1990	0	0.8474	-7.1700	1	74.029	0.1882	0			
ROU	1990	0	0.5612	-5.6000	5	61.214	0.7972	0			
SVK	1990	0	0.0909	-2.6710	2	63.7291	1.0750	0			
ZAF	1990	0	0.1253	-0.3178	5	31.7241	0.9780	0			
KOR	1990	0	0.0790	9.1552	2	12.9884	0.5190	0			
ESP	1990	0	0.0630	3.7814	2	37.3284	1.0485	0			
SWE	1990	0	0.0948	1.0103	2	40.3485	1.3455	1			
CHE	1990	0	0.0510	3.7977	2	12.3843	1.6755	1			
THA	1990	0	0.0554	11.1672	1	17.1455	0.9408	0			
TUR	1990	0	0.3762	9.2661	5	14.5001	0.1947	0			
UK	1990	0	0.0866	0.7793	3	33.3849	1.1745	0			
AUT	1990	0	0.0316	4.5171	1	45.9302	1.1910	1			
BEL	1990	0	0.0334	3.1374	1	109.6442	0.7108	1			
DNK	1990	0	0.0258	1.4825	2	63.5476	0.6187	1			
FRA	1990	0	0.0327	2.6435	1	35.198	1.0198	0			
DEU	1990	0	0.0263	5.2550	4	19.729	1.0181	1			
GRC	1990	0	0.1695	0.0000	1	88.36	0.8940	0			
IRL	1990	0	0.0317	8.4665	2	87.8289	0.5390	0			
ITA	1990	0	0.0610	2.0526	2	94.65	0.8664	0			
JPN	1990	0	0.0297	5.2015	4	49.6526	2.5534	0			
LUX	1990	0	0.0357	5.3199	1	1.82	1.0586	0			
NLD	1990	0	0.0240	4.1832	1	58.421	1.0336	0			
PRT	1990	0	0.1180	3.9504	2	53.326	0.6386	0			
USA	1990	0	0.0512	1.8581	4	56	1.4522	1			
ARG	1990	0	0.9586	-2.3990	5	41.5	0.3242	0			
PAN	1990	0	0.0076	8.0990	1	56	0.5267	0			
BOL	1990	0	0.1462	4.6358	2	65.1	0.2297	0			
VEN	1990	0	0.2891	6.4679	3	71.6	0.3864	0			
CRI	1990	0	0.1600	3.9049	3	18.6243	0.2375	0			
EGY	1990	0	0.1435	5.7018	3	51.6897	0.9976	0			
CHN	1990	0	0.0297	3.8330	3	8.7	0.8940	0			
IND	1990	0	0.0823	5.5290	2	51.4178	0.4997	0			
PAK	1990	0	0.0830	4.4586	2	78.7673	0.5087	0			
MYS	1990	0	0.0255	9.0096	2	79.5882	0.7267	0			
SGP	1990	0	0.0334	9.2182	3	82.2418	0.5870	0			
BGR	1990	0	0.1922	-9.1174	1	34.8889	0.9519	0			
LTU	1990	0	0.0452	4.3128	1	56.1908	0.8244	0			
LVA	1990	0	0.1439	-7.9436	1	74.0989	1.1298	0			
EST	1990	0	0.1368	-7.0635	1	72.813	1.1079	0			
CYP	1990	0	0.0431	7.4040	2	50.6102	1.1346	0			
AUS	1991	0	0.0312	-0.6448	4	12.2	0.7058	1			
BRA	1991	0	0.8123	1.5121	5	34.6	0.8794	0			
CAN	1991	1	0.0532	-2.0922	2	60.58	1.0898	1			
CHL	1991	1	0.1789	7.9700	2	15.1	0.6079	1			
COL	1991	0	0.2330	2.2772	3	14	0.3342	0			
CZE	1991	0	0.3614	-11.6117	2	76.2582	0.9699	0			
FIN	1991	0	0.0395	-6.2445	2	16.9009	0.9164	0			
GHA	1991	0	0.1528	5.2818	3	47	0.1638	0			
GTM	1991	0	0.2491	3.6582	2	17.5	0.2751	0			
HUN	1991	0	0.2550	-11.8920	3	73.3616	0.9935	0			
ISL	1991	0	0.0637	-0.2236	2	34.9826	0.5080	0			
IDN	1991	0	0.0860	8.9278	2	34.7	0.4637	0			
ISR	1991	0	0.1597	7.6994	3	141.1104	0.9608	0			
MEX	1991	0	0.1847	4.2223	2	35.3	0.3782	0			
NZL	1991	1	0.0253	-1.3186	3	63.78	0.8428	0			
NOR	1991	0	0.0331	3.1047	3	23.1269	0.6106	0			
PER	1991	0	0.8037	2.1659	5	75.7	0.1160	0			
PHL	1991	0	0.1561	-0.5783	2	49.6982	0.1954	0			
POL	1991	0	0.4341	-7.0000	5	54.9342	0.3283	0			
ROU	1991	0	0.6170	-12.9000	5	67.6119	0.6240	0			
SVK	1991	0	0.3614	-14.5738	2	80.6505	1.0831	0			
ZAF	1991	0	0.1330	-1.0181	5	31.0994	1.0427	0			
KOR	1991	0	0.0851	9.3932	2	12.0964	0.5229	0			
ESP	1991	0	0.0560	2.5460	2	37.1183	1.0279	0			
SWE	1991	0	0.0855	-1.1213	2	45.7188	1.3167	1			
CHE	1991	0	0.0555	-0.9462	2	13.2513	1.6671	1			
THA	1991	0	0.0540	8.5583	1	13.1234	0.9622	0			
TUR	1991	0	0.3975	0.7203	5	15.5531	0.2248	0			
UK	1991	0	0.0553	-1.3924	1	32.2821	1.1407	0			
AUT	1991	0	0.0323	3.7258	1	46.4886	1.1868	1			
BEL	1991	0	0.0311	1.8331	1	112.2844	0.6914	1			
DNK	1991	0	0.0231	1.3004	2	64.5189	0.6470	1			
FRA	1991	0	0.0312	1.0155	1	29	1.0230	0			
DEU	1991	0	0.0351	5.1083	4	19.646	1.0319	1			
GRC	1991	0	0.1630	3.1001	1	90.2	0.8158	0			
IRL	1991	0	0.0310	1.9295	2	85.5651	0.4954	0			
ITA	1991	0	0.0593	1.5337	2	98.04	0.9193	0			
JPN	1991	0	0.0316	3.3507	4	47.6553	2.5375	0			
LUX	1991	0	0.0302	8.6447	1	1.282	1.0204	0			
NLD	1991	0	0.0304	2.4393	1	59.061	1.0279	0			
PRT	1991	0	0.0985	4.3682	2	54.303	0.6852	0			
USA	1991	0	0.0406	-0.1942	4	61.576	1.5247	1			
ARG	1991	0	0.6319	12.6697	1	35.8	0.2280	0			
PAN	1991	0	0.0124	9.4190	1	49.3	0.5224	0			
BOL	1991	0	0.1766	5.2665	2	52.9	0.2676	0			
VEN	1991	0	0.2549	9.7299	3	62.1	0.3377	0			
CRI	1991	0	0.2231	2.5719	2	28.5	0.2033	0			
EGY	1991	0	0.1649	1.0788	3	141.44	0.9313	0			
CHN	1991	0	0.0342	9.1942	3	8.7	0.9194	0			
IND	1991	0	0.1218	1.0636	2	50.7193	0.4967	0			
PAK	1991	0	0.1055	5.0616	2	91	0.5118	0			
MYS	1991	0	0.0418	9.5455	2	73.3852	0.7511	0			
SGP	1991	0	0.0331	6.5547	3	83.3018	0.6028	0			
BGR	1991	0	0.7719	-8.4454	5	16.9853	1.1853	0			
LTU	1991	0	0.8000	-5.6757	5	58.192	0.1958	0			
LVA	1991	0	0.6324	-12.5952	5	68.9038	0.7372	0			
EST	1991	0	0.6779	-7.9998	5	61.9671	0.4864	0			
CYP	1991	0	0.0479	0.7395	2	56.5225	1.2526	0			
AUS	1992	0	0.0098	0.0472	4	14.5	0.7458	1			
BRA	1992	0	0.9049	-0.4669	5	36.8	1.2975	0			
CAN	1992	1	0.0148	0.8752	2	63.91	1.1360	1			
CHL	1992	1	0.1337	12.2779	3	13.2	0.5808	1			
COL	1992	0	0.2127	5.0327	3	15	0.3467	1			
CZE	1992	0	0.0999	-0.5152	2	60.5082	0.9777	0			
FIN	1992	0	0.0254	-3.7355	2	33.9589	0.8916	0			
GHA	1992	0	0.0914	3.8794	3	53	0.2057	0			
GTM	1992	0	0.0913	4.8383	2	16.5	0.2852	0			
HUN	1992	0	0.1867	-3.0642	3	77.6053	0.9432	0			
ISL	1992	0	0.0381	-3.3740	2	41.1341	0.5320	0			
IDN	1992	0	0.0700	7.2205	2	36.6	0.4658	0			
ISR	1992	1	0.1067	5.6278	3	137.6481	0.8641	0			
MEX	1992	0	0.1343	3.6287	1	40.8	0.4042	0			
NZL	1992	1	0.0101	1.1109	3	65.1204	0.8918	0			
NOR	1992	0	0.0229	3.5231	3	27.4632	0.6259	0			
PER	1992	0	0.4237	-0.4288	5	78	0.1270	0			
PHL	1992	0	0.0791	0.3376	2	52.7731	0.2122	0			
POL	1992	0	0.3119	2.6000	5	81.0132	0.3558	0			
ROU	1992	0	0.6778	-8.8404	5	60.8198	0.3171	0			
SVK	1992	0	0.0999	-6.7215	2	21.5301	1.0461	0			
ZAF	1992	0	0.1218	-2.1371	5	32.6264	1.1979	0			
KOR	1992	0	0.0593	5.8757	2	11.9274	0.5116	0			
ESP	1992	0	0.0559	0.9292	2	38.9439	0.9987	1			
SWE	1992	0	0.0222	-1.2035	2	57.3821	1.2773	1			
CHE	1992	0	0.0388	0.0998	2	15.7625	1.6730	1			
THA	1992	0	0.0397	8.0834	1	10.9397	1.0356	0			
TUR	1992	0	0.4120	5.0356	5	17.7428	0.2487	0			
UK	1992	0	0.0360	0.1466	1	33.4432	1.1187	0			
AUT	1992	0	0.0387	2.2989	1	46.3683	1.1902	1			
BEL	1992	0	0.0237	1.5306	1	114.3481	1.4479	1			
DNK	1992	0	0.0206	1.9754	2	69.2649	0.5772	1			
FRA	1992	0	0.0231	1.3666	1	29.034	1.0297	0			
DEU	1992	0	0.0483	2.2259	4	19.38	1.0796	1			
GRC	1992	0	0.1369	0.6999	1	96.59	0.8451	0			
IRL	1992	0	0.0303	3.3434	2	83.5546	0.5323	0			
ITA	1992	0	0.0483	0.7729	2	105.202	0.9919	0			
JPN	1992	0	0.0169	0.9720	4	49.4171	2.6143	0			
LUX	1992	0	0.0306	1.8196	1	1.525	1.1765	0			
NLD	1992	0	0.0309	1.7059	1	60.234	1.0285	0			
PRT	1992	0	0.0821	1.0895	2	52.063	0.7210	0			
USA	1992	0	0.0294	3.3360	4	63.8753	1.5383	1			
ARG	1992	0	0.1994	11.9408	1	30.5	0.2248	1			
PAN	1992	0	0.0179	8.2017	1	47.8	0.5541	0			
BOL	1992	0	0.1076	1.6465	2	51.5	0.3374	0			
VEN	1992	0	0.2391	6.0605	3	58.2	0.3495	0			
CRI	1992	0	0.1789	9.1520	2	23.3	0.1917	0			
EGY	1992	0	0.1200	4.4320	1	124.97	0.7770	0			
CHN	1992	0	0.0596	14.2393	3	8.6	0.9100	0			
IND	1992	0	0.1054	5.4803	1	50.5574	0.4863	0			
PAK	1992	0	0.0868	7.7059	2	87	0.5592	0			
MYS	1992	0	0.0455	8.8851	2	64.2384	1.1461	0			
SGP	1992	0	0.0221	6.3390	3	85.8847	0.5857	0			
BGR	1992	0	0.4773	-7.2724	5	19.801	1.2070	0			
LTU	1992	0	0.8788	-21.2590	5	81.0872	0.6614	0			
LVA	1992	0	0.9049	-32.1186	5	97.1198	1.0334	0			
EST	1992	0	0.9150	-21.1687	5	80.8558	0.5981	0			
CYP	1992	0	0.0611	9.4000	1	56.1519	1.3026	0			
AUS	1993	1	0.0178	3.7019	4	18	0.7505	1			
BRA	1993	0	0.9507	4.6652	5	32.3	1.8004	0			
CAN	1993	1	0.0181	2.3385	2	67.4	1.1511	1			
CHL	1993	1	0.1129	6.9863	3	12.5	0.6086	1			
COL	1993	0	0.1833	2.3657	3	14.5	0.3740	1			
CZE	1993	0	0.1722	0.0628	2	14.6577	0.6507	1			
FIN	1993	1	0.0206	-0.9196	2	51.7916	0.8123	0			
GHA	1993	0	0.1997	4.8500	3	64	0.2135	0			
GTM	1993	0	0.1057	3.9271	2	15.5	0.2687	0			
HUN	1993	0	0.1833	-0.5761	3	87.8732	0.9509	0			
ISL	1993	0	0.0392	1.3134	2	48.9798	0.5581	0			
IDN	1993	0	0.0883	7.2541	2	34.8	0.4744	0			
ISR	1993	1	0.0986	5.5569	3	135.1968	0.8653	0			
MEX	1993	0	0.0889	1.9505	1	31.1	0.3249	0			
NZL	1993	1	0.0127	6.4407	3	63.6606	0.8551	0			
NOR	1993	0	0.0222	2.7866	3	35.691	0.5805	0			
PER	1993	0	0.3270	4.7650	5	69.1	0.1378	1			
PHL	1993	0	0.0644	2.1163	3	67.1313	0.4542	1			
POL	1993	0	0.2694	3.8000	6	82.9	0.3782	0			
ROU	1993	0	0.7184	1.5113	5	49.4892	0.2019	0			
SVK	1993	0	0.1722	-3.7000	2	23.9704	0.7079	0			
ZAF	1993	0	0.0886	1.2336	5	34.6596	1.2903	0			
KOR	1993	0	0.0453	6.1338	2	11.199	0.5096	0			
ESP	1993	0	0.0437	-1.0315	2	49.9937	0.9635	1			
SWE	1993	1	0.0444	-2.0578	3	69.2493	1.2812	1			
CHE	1993	0	0.0317	-0.1853	2	19.3754	1.6955	1			
THA	1993	0	0.0321	8.2510	1	8.5299	1.1603	0			
TUR	1993	0	0.3979	7.6513	5	18.013	0.2638	0			
UK	1993	1	0.0154	2.2223	3	38.9293	1.0986	0			
AUT	1993	0	0.0350	0.2809	1	50.2874	1.2087	1			
BEL	1993	0	0.0268	-0.9619	1	121.5317	1.4507	1			
DNK	1993	0	0.0124	-0.0896	2	80.7001	0.5291	1			
FRA	1993	0	0.0206	-0.9137	1	33.673	0.9995	1			
DEU	1993	0	0.0425	-0.8022	4	21.228	1.1532	1			
GRC	1993	0	0.1260	-1.5999	1	109.3663	0.9801	0			
IRL	1993	0	0.0140	2.6925	2	83.2711	0.4819	0			
ITA	1993	0	0.0428	-0.8882	2	115.589	1.0015	0			
JPN	1993	0	0.0126	0.2476	4	52.6328	2.6997	0			
LUX	1993	0	0.0345	4.2008	1	1.924	0.6554	0			
NLD	1993	0	0.0252	1.2577	1	60.596	1.0508	0			
PRT	1993	0	0.0611	-2.0433	2	58.065	0.7542	0			
USA	1993	0	0.0287	2.6910	4	65.9383	1.5793	1			
ARG	1993	0	0.0959	5.9069	1	29.4	0.2599	1			
PAN	1993	0	0.0045	5.4557	1	53.2	0.5873	0			
BOL	1993	0	0.0786	4.2693	2	63.5	0.4895	0			
VEN	1993	0	0.2760	0.2754	5	61.2	0.3231	0			
CRI	1993	0	0.0891	7.4137	2	24.3	0.1990	0			
EGY	1993	0	0.1079	2.9008	1	114.77	0.7456	0			
CHN	1993	0	0.1273	13.9442	2	8	1.0118	0			
IND	1993	0	0.0598	4.7676	1	52.7837	0.4789	0			
PAK	1993	0	0.0907	1.7577	2	94.5	0.5490	0			
MYS	1993	0	0.0342	9.8949	2	55.7558	1.1250	0			
SGP	1993	0	0.0224	11.7333	3	75.8177	0.5688	0			
BGR	1993	0	0.4216	-1.4802	5	37.4582	1.3311	0			
LTU	1993	0	0.8040	-16.2269	5	15.7492	0.1556	0			
LVA	1993	0	0.5210	-4.9830	5	52.5986	0.1825	0			
EST	1993	0	0.4732	-5.7405	1	55.9093	0.1110	1			
CYP	1993	0	0.0463	0.7000	1	58.8125	1.4179	0			
AUS	1994	1	0.0186	4.1020	4	20.4	0.7728	1			
BRA	1994	0	0.9540	5.3344	5	25.22	0.8641	1			
CAN	1994	1	0.0018	4.8042	2	67.76	1.1462	1			
CHL	1994	1	0.1027	5.7081	3	13.8	0.5548	1			
COL	1994	0	0.1860	5.8358	3	12.7	0.3467	1			
CZE	1994	0	0.0912	2.2191	2	12.5188	0.6784	1			
FIN	1994	1	0.0107	3.5735	2	58.8486	0.7048	0			
GHA	1994	0	0.1992	3.3000	5	112	0.1840	0			
GTM	1994	0	0.0979	4.0337	2	15.4	0.2866	0			
HUN	1994	0	0.1587	2.9472	2	85.1522	0.9128	0			
ISL	1994	0	0.0153	3.6089	2	51.3965	0.5495	0			
IDN	1994	0	0.0785	7.5401	2	35.4	0.5028	0			
ISR	1994	1	0.1099	6.9318	2	125.6867	0.8445	0			
MEX	1994	0	0.0651	4.4583	2	25.8	0.3867	0			
NZL	1994	1	0.0172	5.3315	3	55.9389	0.8719	0			
NOR	1994	0	0.0138	5.0514	3	33.2279	0.5749	0			
PER	1994	0	0.1918	12.8216	2	53	0.1052	1			
PHL	1994	0	0.0772	4.3876	3	56.4165	0.4805	1			
POL	1994	0	0.2495	5.2000	6	63.2272	0.3406	0			
ROU	1994	0	0.5776	3.9702	5	44.2958	0.1783	0			
SVK	1994	0	0.1182	6.2055	2	21.3601	0.5500	1			
ZAF	1994	0	0.0821	3.2341	5	37.9232	1.3552	0			
KOR	1994	0	0.0589	8.5365	2	10.0732	0.5158	0			
ESP	1994	0	0.0451	2.3832	1	51.3497	1.0071	1			
SWE	1994	1	0.0215	3.9469	3	73.3615	1.2120	1			
CHE	1994	0	0.0085	1.1908	2	21.1498	1.7130	1			
THA	1994	0	0.0481	8.9872	1	6.1907	1.3068	0			
TUR	1994	0	0.5152	-4.6681	5	20.6545	0.2556	0			
UK	1994	1	0.0242	4.2802	3	44.296	1.1221	0			
AUT	1994	0	0.0287	2.6611	1	52.8398	1.2287	1			
BEL	1994	0	0.0232	3.2270	1	118.6567	1.4756	1			
DNK	1994	0	0.0196	5.5254	2	77.4101	0.5407	1			
FRA	1994	0	0.0163	2.2154	1	38.381	0.9954	1			
DEU	1994	0	0.0267	2.6571	4	20.918	1.1951	1			
GRC	1994	0	0.0985	1.9999	1	103.197	0.8961	1			
IRL	1994	0	0.0231	5.7558	2	79.8033	0.5124	0			
ITA	1994	0	0.0387	2.1519	2	121.842	0.9791	0			
JPN	1994	0	0.0069	1.0986	4	57.5946	2.7689	0			
LUX	1994	0	0.0216	3.8207	1	1.907	0.7668	0			
NLD	1994	0	0.0273	2.9611	1	57.544	1.0680	0			
PRT	1994	0	0.0496	0.9648	1	60.158	0.7827	0			
USA	1994	0	0.0254	4.0618	4	65.6779	1.5588	1			
ARG	1994	0	0.0401	5.8362	1	31.3	0.2658	1			
PAN	1994	0	0.0125	2.8501	1	52.2	0.6195	0			
BOL	1994	0	0.0730	4.6673	2	65.2	0.5277	0			
VEN	1994	0	0.3782	-2.3495	5	77.8	0.3578	0			
CRI	1994	0	0.1192	4.7296	2	26.8	0.1919	0			
EGY	1994	0	0.0754	3.9732	1	112.97	0.7519	0			
CHN	1994	0	0.1951	13.0869	1	10.1	0.8943	0			
IND	1994	0	0.0927	6.6541	1	50.457	0.4599	0			
PAK	1994	0	0.1101	3.7374	2	93.5	0.5165	0			
MYS	1994	0	0.0359	9.2120	2	47.7333	1.1222	0			
SGP	1994	0	0.0301	11.5671	3	73.4606	0.5605	0			
BGR	1994	0	0.4899	1.8180	5	52.3004	1.0345	0			
LTU	1994	0	0.4191	-9.7661	5	15.5415	0.1917	0			
LVA	1994	0	0.2643	2.1899	5	11.1904	0.2257	0			
EST	1994	0	0.3227	-1.6424	1	49.0268	0.1010	1			
CYP	1994	0	0.0449	5.9000	1	53.6756	1.4213	0			
AUS	1995	1	0.0443	4.3313	4	22.5	0.8019	1			
BRA	1995	0	0.3976	4.4168	2	27.18	0.5612	1			
CAN	1995	1	0.0212	2.8084	2	68.15	1.1355	1			
CHL	1995	1	0.0761	10.6276	3	13.7	0.5509	1			
COL	1995	0	0.1728	5.2024	3	12.1135	0.3721	1			
CZE	1995	0	0.0840	5.9451	2	10.5263	0.6834	1			
FIN	1995	1	0.0098	3.9226	1	63.1112	0.6540	0			
GHA	1995	0	0.3729	4.1124	5	87	0.1889	0			
GTM	1995	0	0.0776	4.9485	2	14	0.3003	0			
HUN	1995	0	0.2206	1.4895	2	85	0.8082	0			
ISL	1995	0	0.0163	0.1166	2	53.5063	0.5248	0			
IDN	1995	0	0.0862	8.3964	2	29	0.5182	0			
ISR	1995	1	0.0913	6.6741	2	116.8207	0.7608	0			
MEX	1995	0	0.2593	-6.2180	5	27.8	0.4091	0			
NZL	1995	1	0.0362	4.1765	3	50.0496	0.9031	0			
NOR	1995	0	0.0240	4.1864	3	31.016	0.5691	0			
PER	1995	0	0.1001	8.6089	2	49	0.1227	1			
PHL	1995	0	0.0628	4.6787	3	61.0637	0.5574	1			
POL	1995	0	0.2192	7.0000	3	50.7536	0.3006	0			
ROU	1995	0	0.2438	7.1599	5	17.9	0.2356	0			
SVK	1995	0	0.0900	5.8431	2	19.1352	0.4654	1			
ZAF	1995	0	0.0799	3.1156	4	42.2007	1.3956	0			
KOR	1995	0	0.0429	9.1689	2	8.9324	0.5019	0			
ESP	1995	1	0.0447	2.7575	1	53.4507	1.0023	1			
SWE	1995	1	0.0247	3.9731	3	77.5917	1.1171	1			
CHE	1995	0	0.0177	0.3502	2	22.0693	1.7397	1			
THA	1995	0	0.0550	9.2375	1	4.666	1.4132	0			
TUR	1995	0	0.4684	7.8783	5	17.533	0.2778	0			
UK	1995	1	0.0330	3.0427	3	46.4131	1.1720	0			
AUT	1995	0	0.0220	1.9100	1	55.9087	1.2447	1			
BEL	1995	0	0.0145	2.3848	1	118.5	1.4690	1			
DNK	1995	0	0.0206	3.0652	2	75.5991	0.5350	1			
FRA	1995	0	0.0175	2.1171	1	45.2	1.0072	1			
DEU	1995	0	0.0169	1.8906	4	21.068	1.2415	1			
GRC	1995	0	0.0820	2.0997	1	104.806	0.8613	1			
IRL	1995	0	0.0246	9.6344	2	73.0207	0.7698	0			
ITA	1995	0	0.0498	2.8270	2	119.2	0.9270	0			
JPN	1995	0	-0.0012	1.9602	4	62.3482	2.8339	0			
LUX	1995	0	0.0188	1.4322	1	5.4	0.8554	0			
NLD	1995	0	0.0189	3.1163	1	58.924	1.1136	0			
PRT	1995	0	0.0396	4.2828	1	61.903	0.8088	0			
USA	1995	0	0.0273	2.5375	4	65.0926	1.6571	1			
ARG	1995	0	0.0327	-2.8452	1	33.8	0.2787	1			
PAN	1995	0	0.0098	1.7517	1	50.3	0.6731	0			
BOL	1995	0	0.0925	4.6783	2	72.4	0.4868	0			
VEN	1995	0	0.3747	3.9517	5	61	0.3703	0			
CRI	1995	0	0.1882	3.9209	2	28.7	0.1600	1			
EGY	1995	0	0.1360	4.6425	1	102.52	0.7528	0			
CHN	1995	0	0.1445	10.9320	1	10.1	0.8770	1			
IND	1995	0	0.0928	7.5693	1	48.1135	0.4286	0			
PAK	1995	0	0.1099	4.9626	2	85.6	0.5102	0			
MYS	1995	0	0.0334	9.8291	2	41.1577	1.2671	0			
SGP	1995	0	0.0169	8.1548	3	76.2498	0.5967	0			
BGR	1995	0	0.3829	2.8602	5	39.25	0.6902	0			
LTU	1995	0	0.2840	3.2901	1	16.6042	0.1371	0			
LVA	1995	0	0.1999	-0.9448	3	14.7287	0.1319	0			
EST	1995	0	0.2235	2.8001	1	42.9089	0.1121	1			
CYP	1995	0	0.0255	6.1000	1	49.6381	1.4211	0			
AUS	1996	1	0.0255	4.1000	4	21.9	0.8323	1			
BRA	1996	0	0.1361	2.1500	2	26.63	0.5713	1			
CAN	1996	1	0.0155	1.6188	2	67.61	1.1835	1			
CHL	1996	1	0.0685	7.4135	3	15	0.5841	1			
COL	1996	0	0.1722	2.0559	3	13.8429	0.3876	1			
CZE	1996	0	0.0809	4.0274	3	9.3476	0.6426	1			
FIN	1996	1	0.0061	3.6999	1	67.0367	0.6160	0			
GHA	1996	0	0.3177	4.6025	5	79	0.1836	0			
GTM	1996	0	0.0996	2.9578	2	13.5	0.3039	0			
HUN	1996	0	0.1910	1.3397	2	72.5	0.7127	0			
ISL	1996	0	0.0225	4.7851	2	50.9077	0.5307	0			
IDN	1996	0	0.0738	7.6428	2	23.2	0.5402	0			
ISR	1996	1	0.1013	5.6297	2	114.5102	0.7724	0			
MEX	1996	0	0.2558	5.1398	3	25.6	0.3095	0			
NZL	1996	1	0.0223	3.4750	3	42.9581	0.9227	0			
NOR	1996	0	0.0124	5.0998	3	27.7423	0.6138	0			
PER	1996	0	0.1034	2.5182	2	47.8	0.1318	1			
PHL	1996	0	0.0699	5.8459	1	53.1896	0.6792	1			
POL	1996	0	0.1654	6.2391	3	44.7857	0.3150	0			
ROU	1996	0	0.2797	4.0089	5	18.2	0.2885	0			
SVK	1996	0	0.0549	8.0290	2	18.5395	0.5384	1			
ZAF	1996	0	0.0685	4.3068	4	43.801	1.3960	0			
KOR	1996	0	0.0469	6.9986	2	8.2095	0.5359	0			
ESP	1996	1	0.0344	2.4170	1	57.2027	1.0031	1			
SWE	1996	1	0.0047	1.4605	3	79.7979	1.0997	1			
CHE	1996	0	0.0081	0.6284	2	24.1959	1.7243	1			
THA	1996	0	0.0549	5.9013	1	3.804	1.4636	0			
TUR	1996	0	0.4455	7.3797	5	21.3172	0.3412	0			
UK	1996	1	0.0239	2.8793	3	48.8482	1.2079	0			
AUT	1996	0	0.0181	2.6774	1	56.6262	1.2611	1			
BEL	1996	0	0.0202	1.1950	1	115.8	1.4906	1			
DNK	1996	0	0.0207	2.8346	2	73.4503	0.5543	1			
FRA	1996	0	0.0197	1.1103	1	49.2	1.0090	1			
DEU	1996	0	0.0143	0.9940	4	22.878	1.3190	1			
GRC	1996	0	0.0758	2.3584	1	108.105	0.8204	1			
IRL	1996	0	0.0171	8.1418	2	65.5979	0.7903	0			
ITA	1996	0	0.0382	1.0954	2	118.7	0.9061	0			
JPN	1996	0	0.0013	2.7461	4	67.11	2.8847	0			
LUX	1996	0	0.0137	1.5178	1	5.7	0.7917	0			
NLD	1996	0	0.0198	3.4063	1	57.651	1.1695	0			
PRT	1996	0	0.0303	3.6185	1	61.289	0.8578	0			
USA	1996	0	0.0285	3.7452	4	65.7169	1.7101	1			
ARG	1996	0	0.0016	5.5267	1	35.7	0.2822	1			
PAN	1996	0	0.0124	2.8106	1	68	0.6584	0			
BOL	1996	0	0.1105	4.3613	2	63.9	0.5090	0			
VEN	1996	0	0.4997	-0.1978	5	57	0.1992	0			
CRI	1996	0	0.1491	0.8866	2	33.2	0.2516	1			
EGY	1996	0	0.0671	4.9887	1	92.65	0.7614	0			
CHN	1996	0	0.0768	10.0139	1	10.5	0.9332	1			
IND	1996	0	0.0824	7.5572	2	46.5515	0.4435	0			
PAK	1996	0	0.0940	4.8466	2	86.2	0.5436	0			
MYS	1996	0	0.0337	10.0027	2	35.3071	1.4242	0			
SGP	1996	0	0.0136	7.7903	3	75.6755	0.6435	0			
BGR	1996	0	0.5488	-9.4000	5	59.7842	1.2104	0			
LTU	1996	0	0.1975	4.6772	1	14.092	0.1110	0			
LVA	1996	0	0.1497	3.7909	3	13.3117	0.1160	0			
EST	1996	0	0.1873	5.6887	1	5.7421	0.1876	1			
CYP	1996	0	0.0289	1.8488	1	50.8801	1.5479	0			
AUS	1997	1	0.0025	3.9000	4	18.476	0.8331	1			
BRA	1997	0	0.0648	3.3749	2	36.04	0.5944	1			
CAN	1997	1	0.0160	4.2259	2	52.684	1.2030	1			
CHL	1997	1	0.0578	6.6056	3	13.22	0.7215	1			
COL	1997	0	0.1559	3.4303	3	16.011	0.4081	1			
CZE	1997	0	0.0787	-0.7309	1	9.56	0.6442	1			
FIN	1997	1	0.0118	6.1999	1	65.016	0.5503	0			
GHA	1997	0	0.2180	4.1964	3	84	0.2551	0			
GTM	1997	0	0.0845	4.3641	2	14	0.2617	0			
HUN	1997	0	0.1546	4.5732	2	63.5	0.6449	0			
ISL	1997	0	0.0172	4.9132	2	46.24	0.7052	0			
IDN	1997	0	0.0586	4.6999	2	23.7	0.5955	0			
ISR	1997	1	0.0826	2.8659	2	102.803	0.7444	0			
MEX	1997	0	0.1710	6.7755	3	23.512	0.3477	0			
NZL	1997	1	0.0117	1.7261	3	36.209	1.0046	0			
NOR	1997	0	0.0252	5.3926	3	24.681	0.6571	0			
PER	1997	0	0.0789	6.8641	2	32.6	0.1949	1			
PHL	1997	0	0.0529	5.1854	1	55.6538	0.7854	1			
POL	1997	0	0.1311	7.0864	3	43.009	0.3245	1			
ROU	1997	0	0.6075	-6.1028	5	18.4	0.1871	0			
SVK	1997	0	0.0576	5.7350	2	20.811	0.6528	1			
ZAF	1997	0	0.0792	2.6468	4	46.9417	1.3795	0			
KOR	1997	0	0.0426	4.6510	2	9.965	0.5933	0			
ESP	1997	1	0.0193	3.8687	1	55.275	1.0230	1			
SWE	1997	1	0.0051	2.4603	3	74.126	1.1000	1			
CHE	1997	0	0.0052	2.0757	2	25.274	1.7273	1			
THA	1997	0	0.0533	-1.3714	1	4.6196	1.7758	0			
TUR	1997	0	0.4616	7.5777	5	32.907	0.3456	0			
UK	1997	1	0.0304	3.3072	3	49.4925	1.2013	0			
AUT	1997	0	0.0129	1.8253	1	59.241	1.3094	1			
BEL	1997	0	0.0160	3.5123	1	113.1	1.4364	1			
DNK	1997	0	0.0215	3.1985	2	69.055	0.5592	1			
FRA	1997	0	0.0121	2.2376	1	51	1.0113	1			
DEU	1997	0	0.0185	1.8045	4	24.254	1.3733	1			
GRC	1997	0	0.0525	3.6377	1	105.22	0.7904	1			
IRL	1997	0	0.1705	11.4973	1	57.307	0.8752	0			
ITA	1997	0	0.0200	1.8722	1	115.7	0.8874	0			
JPN	1997	0	0.0174	1.5705	4	70.4069	2.7248	0			
LUX	1997	0	0.0135	5.9390	1	6	0.8419	0			
NLD	1997	0	0.0213	4.2784	1	53.884	1.2357	0			
PRT	1997	0	0.0212	4.1861	1	56.241	0.8766	0			
USA	1997	0	0.0228	4.5482	4	63.9182	1.7942	1			
ARG	1997	0	0.0052	8.1110	1	34.5	0.3038	1			
PAN	1997	0	0.0131	6.4610	1	63.4	0.6659	0			
BOL	1997	0	0.0450	4.9542	2	59.2	0.5696	0			
VEN	1997	0	0.3335	6.3709	2	42	0.1750	0			
CRI	1997	0	0.1169	5.5782	2	30	0.2920	1			
EGY	1997	0	0.0442	5.4911	1	84.32	0.7615	0			
CHN	1997	0	0.0273	9.2834	1	11.4	1.0072	1			
IND	1997	0	0.0669	4.0545	2	51.2036	0.4480	0			
PAK	1997	0	0.1021	1.0144	2	88.5	0.5212	0			
MYS	1997	0	0.0259	7.3227	2	31.8865	1.6335	0			
SGP	1997	0	0.0196	8.3410	3	74.5309	0.7003	0			
BGR	1997	0	0.9137	-5.6000	1	64.4505	0.2145	1			
LTU	1997	0	0.0815	7.0078	1	19.9369	0.1262	0			
LVA	1997	0	0.0778	8.2828	3	10.9551	0.1417	0			
EST	1997	0	0.0957	11.7399	1	4.7679	0.2861	1			
CYP	1997	0	0.0348	2.3485	1	55.1807	1.6390	0			
AUS	1998	1	0.0085	4.5000	4	15.578	0.8784	1			
BRA	1998	0	0.0310	0.0379	2	49.57	0.6679	1			
CAN	1998	1	0.0099	4.0974	2	50.082	1.1877	1			
CHL	1998	1	0.0486	3.2309	3	12.496	0.7344	1			
COL	1998	0	0.1574	0.5698	3	19.8132	0.4246	1			
CZE	1998	1	0.0961	-0.7590	1	9.751	0.5724	1			
FIN	1998	1	0.0138	5.2253	1	59.886	0.5560	1			
GHA	1998	0	0.1276	4.7004	3	82	0.2457	0			
GTM	1998	0	0.0652	4.9935	2	14.6	0.2483	0			
HUN	1998	0	0.1246	4.8579	2	61	0.6202	0			
ISL	1998	0	0.0169	6.3166	2	40.718	0.6503	0			
IDN	1998	0	0.3686	-13.1267	5	79.3	0.5993	0			
ISR	1998	1	0.0515	4.2779	2	103.79	0.7568	0			
MEX	1998	0	0.1374	4.9065	3	25.373	0.3235	0			
NZL	1998	1	0.0125	0.5161	3	37.847	1.0603	0			
NOR	1998	0	0.0221	2.6828	3	22.249	0.7926	0			
PER	1998	0	0.0676	-0.6580	2	43.6	0.2452	1			
PHL	1998	0	0.0848	-0.5767	3	66.616	0.6328	1			
POL	1998	1	0.1049	4.9817	3	39.507	0.3371	1			
ROU	1998	0	0.3715	-4.7891	5	19	0.2168	0			
SVK	1998	0	0.0628	4.3574	3	22.534	0.6137	1			
ZAF	1998	0	0.0644	0.5174	4	48.1935	1.3912	0			
KOR	1998	1	0.0698	-6.8545	5	14.258	0.6703	0			
ESP	1998	1	0.0180	4.4682	1	53.558	1.0555	1			
SWE	1998	1	-0.0014	3.8139	3	71.951	1.1146	1			
CHE	1998	0	0.0002	2.6386	2	27.733	1.6798	1			
THA	1998	0	0.0740	-10.5100	3	10.292	1.7675	0			
TUR	1998	0	0.4584	2.3082	3	30.995	0.2746	0			
UK	1998	1	0.0331	3.6057	3	49.652	1.1797	1			
AUT	1998	0	0.0091	3.5851	1	59.893	1.0185	1			
BEL	1998	0	0.0095	1.6818	1	108.2	1.2500	1			
DNK	1998	0	0.0182	2.1604	2	64.004	0.6141	1			
FRA	1998	0	0.0060	3.5031	1	52.3	0.9997	1			
DEU	1998	0	0.0093	2.0303	4	26.055	1.4340	1			
GRC	1998	0	0.0455	3.3636	1	103.746	0.7632	1			
IRL	1998	0	-0.1607	8.4305	1	47.797	0.9176	0			
ITA	1998	0	0.0193	1.4013	1	112.4	0.8946	1			
JPN	1998	0	0.0066	-2.0493	4	83.3591	2.9401	0			
LUX	1998	0	0.0095	6.4898	1	5.9	0.7327	1			
NLD	1998	0	0.0195	3.9235	1	52.021	0.9626	1			
PRT	1998	0	0.0264	4.8520	1	52.993	0.9374	1			
USA	1998	0	0.0153	4.2197	4	61.7685	1.8997	1			
ARG	1998	0	0.0091	3.8502	1	37.6	0.3250	1			
PAN	1998	0	0.0056	7.3415	1	62	0.7829	0			
BOL	1998	0	0.0713	5.0294	2	58.7	0.6538	0			
VEN	1998	0	0.2635	0.2941	2	39.9	0.1819	0			
CRI	1998	0	0.1045	8.3978	2	39.5	0.3266	1			
EGY	1998	0	0.0373	4.0364	1	83.03	0.8374	0			
CHN	1998	0	-0.0085	7.8324	1	17.8	1.1311	1			
IND	1998	0	0.1168	6.1935	2	51.2532	0.4520	0			
PAK	1998	0	0.0586	2.5502	2	92.7	0.5145	0			
MYS	1998	0	0.0501	-7.3594	4	36.4382	1.6213	0			
SGP	1998	0	-0.0027	-1.3769	3	86.7855	0.8580	0			
BGR	1998	0	0.1573	4.0000	1	41.0313	0.1523	1			
LTU	1998	0	0.0483	7.2793	1	21.3559	0.1335	0			
LVA	1998	0	0.0445	4.7228	3	9.7436	0.1702	0			
EST	1998	0	0.0759	6.7230	1	3.9739	0.3006	1			
CYP	1998	0	0.0218	5.0433	1	56.9964	1.6807	0			
AUS	1999	1	0.0144	5.1999	4	13.741	0.9113	1			
BRA	1999	1	0.0463	0.2509	5	47.93	0.7088	1			
CAN	1999	1	0.0171	5.5318	2	46.652	1.1691	1			
CHL	1999	1	0.0323	-0.7609	2	13.717	0.7746	1			
COL	1999	0	0.0981	-4.2040	3	25.9929	0.4144	1			
CZE	1999	1	0.0210	1.3395	1	10.974	0.5288	1			
FIN	1999	0	0.0115	3.9211	1	55.679	0.5759	1			
GHA	1999	0	0.1104	4.4280	3	87	0.3252	0			
GTM	1999	0	0.0464	3.8471	2	17.5	0.2532	0			
HUN	1999	0	0.0909	4.1713	2	61.1	0.5295	0			
ISL	1999	0	0.0312	4.0938	2	35.316	0.7391	0			
IDN	1999	0	0.1700	0.7911	3	91.8	0.6207	1			
ISR	1999	1	0.0494	3.3006	2	93.18	0.7963	0			
MEX	1999	0	0.1423	3.8733	3	23.337	0.2975	0			
NZL	1999	1	-0.0011	5.3153	3	35.033	1.0969	0			
NOR	1999	0	0.0228	2.0258	3	20.866	0.7367	0			
PER	1999	0	0.0335	0.9141	2	49.1	0.2782	1			
PHL	1999	0	0.0561	3.3964	3	59.4139	0.5893	1			
POL	1999	1	0.0678	4.5242	3	39.714	0.3635	1			
ROU	1999	0	0.3141	-1.2000	5	22.9	0.1783	0			
SVK	1999	0	0.0956	0.0287	2	22.712	0.5796	1			
ZAF	1999	0	0.0493	2.3581	4	46.9601	1.5332	0			
KOR	1999	1	0.0081	9.4863	3	16.341	0.7218	0			
ESP	1999	0	0.0226	4.7459	1	52.267	1.1187	1			
SWE	1999	1	0.0045	4.5954	3	64.035	1.0676	1			
CHE	1999	0	0.0082	1.3111	3	25.379	1.7520	1			
THA	1999	0	0.0028	4.4476	3	20.6674	1.5578	0			
TUR	1999	0	0.3935	-3.3653	3	39.797	0.3676	0			
UK	1999	1	0.0153	3.4732	3	44.08	1.2051	1			
AUT	1999	0	0.0056	10.2596	1	62.045	1.2366	1			
BEL	1999	0	0.0111	3.4171	1	105.5	1.3692	1			
DNK	1999	0	0.0242	2.5604	1	60.867	0.5748	1			
FRA	1999	0	0.0050	3.3008	1	52.4	1.0389	1			
DEU	1999	0	0.0057	2.0110	1	34.079	1.4584	1			
GRC	1999	0	0.0257	3.4194	1	103.561	0.8449	1			
IRL	1999	0	0.0161	10.7252	1	44.091	1.0324	0			
ITA	1999	0	0.0163	1.4643	1	110.3	0.9334	1			
JPN	1999	0	-0.0033	-0.1417	4	94.5451	3.0545	0			
LUX	1999	0	0.0099	8.4179	1	5.5	0.6669	1			
NLD	1999	0	0.0215	4.6845	1	49.239	1.4221	1			
PRT	1999	0	0.0225	3.8414	1	53.2	1.1040	1			
USA	1999	0	0.0214	4.4893	4	59.7587	2.0116	1			
ARG	1999	0	-0.0118	-3.3855	1	43.49	0.3550	1			
PAN	1999	0	0.0123	3.9172	1	66	0.8892	0			
BOL	1999	0	0.0211	0.4269	2	62.4	0.6626	0			
VEN	1999	0	0.1907	-5.9705	2	38.4	0.1757	0			
CRI	1999	0	0.0913	8.2222	2	35.2	0.2888	1			
EGY	1999	0	0.0299	6.1055	1	78.2	0.8834	0			
CHN	1999	0	-0.0143	7.6321	1	20.9	1.1933	1			
IND	1999	0	0.0446	7.3873	2	52.6305	0.4751	0			
PAK	1999	0	0.0398	3.6601	2	94.2	0.4913	0			
MYS	1999	0	0.0267	6.1376	1	37.2492	1.5011	0			
SGP	1999	0	0.0002	7.2023	3	91.7699	0.8378	0			
BGR	1999	0	0.0251	2.3000	1	86.8	0.1498	1			
LTU	1999	0	0.0075	-1.6957	1	27.5019	0.1617	0			
LVA	1999	0	0.0230	4.6991	3	12.0853	0.1780	1			
EST	1999	0	0.0319	-0.2999	1	4.609	0.3101	1			
CYP	1999	0	0.0160	4.8468	1	54.202	2.3563	0			
AUS	2000	1	0.0428	4.0000	4	11.361	0.9324	1			
BRA	2000	1	0.0658	4.3082	3	51.37	0.7186	1			
CAN	2000	1	0.0265	5.2333	2	40.863	1.1372	1			
CHL	2000	1	0.0370	4.4891	3	13.642	0.7812	1			
COL	2000	1	0.0844	2.9249	3	29.3444	0.3038	1			
CZE	2000	1	0.0376	3.6479	1	13.216	0.4765	1			
FIN	2000	0	0.0326	5.0566	1	48.017	0.5570	1			
GHA	2000	0	0.2012	3.7360	5	132	0.3930	0			
GTM	2000	0	0.0564	3.6089	2	16.9	0.2588	0			
HUN	2000	0	0.0892	5.0395	2	56.1	0.5533	0			
ISL	2000	0	0.0487	4.3215	2	33.83	0.9818	0			
IDN	2000	0	0.0359	4.9200	3	100	0.6068	1			
ISR	2000	1	0.0111	9.1965	2	83.38	0.7648	0			
MEX	2000	0	0.0867	6.6020	3	21.201	0.2864	0			
NZL	2000	1	0.0255	2.3600	3	32.143	1.0931	0			
NOR	2000	0	0.0299	3.2535	3	19.303	0.6818	0			
PER	2000	0	0.0362	2.9506	2	46.1	0.2597	1			
PHL	2000	0	0.0380	5.9685	2	52.921	0.5834	1			
POL	2000	1	0.0914	4.2530	3	35.844	0.3443	1			
ROU	2000	0	0.3135	2.1000	5	23.1	0.1388	0			
SVK	2000	0	0.1074	1.3702	2	23.875	0.5653	1			
ZAF	2000	1	0.0507	4.1546	4	44.3908	1.5246	0			
KOR	2000	1	0.0222	8.4862	3	16.733	0.7470	0			
ESP	2000	0	0.0332	5.0498	1	49.872	1.1525	1			
SWE	2000	1	0.0103	4.3989	3	56.887	0.4861	1			
CHE	2000	1	0.0152	3.5819	3	25.614	1.6784	1			
THA	2000	1	0.0157	4.7501	3	21.6544	1.3827	0			
TUR	2000	0	0.3545	6.7745	3	43.1	0.3791	0			
UK	2000	1	0.0284	3.9150	3	42.153	1.2872	1			
AUT	2000	0	0.0234	3.5874	1	61.188	1.2510	1			
BEL	2000	0	0.0248	3.7451	1	100.5	1.2546	1			
DNK	2000	0	0.0284	3.5287	1	54.809	1.4475	1			
FRA	2000	0	0.0166	3.9103	1	51.1	1.0351	1			
DEU	2000	0	0.0145	3.2098	1	38.357	1.4649	1			
GRC	2000	0	0.0307	4.4774	1	108.926	0.9102	1			
IRL	2000	0	0.0527	9.2369	1	34.766	1.0624	0			
ITA	2000	0	0.0247	3.6932	1	105.4	0.9584	1			
JPN	2000	0	-0.0072	2.8601	4	102.335	3.0474	0			
LUX	2000	0	0.0305	8.4401	1	5.3	0.8996	1			
NLD	2000	0	0.0226	3.9409	1	44.094	1.4783	1			
PRT	2000	0	0.0277	3.9245	1	52.103	1.2790	1			
USA	2000	0	0.0327	3.6922	4	55.0278	1.9087	1			
ARG	2000	0	-0.0094	-0.7890	1	45.62	0.3445	1			
PAN	2000	0	0.0148	2.7154	1	65.5	0.9429	0			
BOL	2000	0	0.0441	2.5078	2	66.89	0.6203	0			
VEN	2000	0	0.1395	3.6869	2	33.4	0.1491	0			
CRI	2000	0	0.0990	1.8008	2	36.6	0.3240	1			
EGY	2000	0	0.0261	5.3680	1	73.19	0.8901	0			
CHN	2000	0	0.0025	8.4178	1	22.8	1.1967	1			
IND	2000	0	0.0385	4.0304	2	55.6765	0.5119	0			
PAK	2000	0	0.0418	4.2601	2	92.4	0.4160	0			
MYS	2000	0	0.0151	8.8589	1	36.6268	1.3837	0			
SGP	2000	0	0.0134	10.0603	3	86.8806	0.7789	0			
BGR	2000	0	0.0935	5.4000	1	77.1	0.1741	1			
LTU	2000	0	0.0098	3.9179	1	27.8329	0.1516	0			
LVA	2000	0	0.0258	6.9139	3	12.7932	0.2328	1			
EST	2000	0	0.0387	9.9742	1	3.336	0.3456	1			
CYP	2000	0	0.0398	5.0428	1	52.6753	2.3473	0			
AUS	2001	1	0.0420	1.8999	4	9.552	0.9203	1			
BRA	2001	1	0.0640	1.3104	3	50.12	0.7249	1			
CAN	2001	1	0.0246	1.7838	2	39.713	2.0369	1			
CHL	2001	1	0.0345	3.3770	3	14.924	0.8214	1			
COL	2001	1	0.0738	2.1812	3	35.5121	0.3846	1			
CZE	2001	1	0.0449	2.4564	1	14.669	0.4389	1			
FIN	2001	0	0.0250	2.7050	1	44.368	0.6177	1			
GHA	2001	0	0.2476	4.1840	2	139	0.3513	0			
GTM	2001	0	0.0709	2.3325	2	18	0.2728	0			
HUN	2001	1	0.0844	4.1406	2	52.6	0.4960	1			
ISL	2001	1	0.0601	3.9220	3	39.238	0.9974	1			
IDN	2001	0	0.1032	3.6435	3	90.9	0.5447	1			
ISR	2001	1	0.0110	-0.0425	2	87.836	0.8393	0			
MEX	2001	1	0.0598	-0.1570	3	20.511	0.2812	0			
NZL	2001	1	0.0256	3.6181	3	30.067	1.1695	0			
NOR	2001	1	0.0293	1.9902	3	18.134	0.7313	0			
PER	2001	0	0.0194	0.2149	2	45.2	0.2441	1			
PHL	2001	0	0.0637	1.7557	2	58.9792	0.5606	1			
POL	2001	1	0.0521	1.2053	3	36.423	0.3696	1			
ROU	2001	0	0.2563	5.7000	3	27.3	0.1286	0			
SVK	2001	0	0.0683	3.4847	2	36.009	0.5970	1			
ZAF	2001	1	0.0539	2.7355	4	42.9786	1.8407	0			
KOR	2001	1	0.0391	3.9735	3	17.365	1.3529	0			
ESP	2001	0	0.0347	3.6480	1	46.274	1.1969	1			
SWE	2001	1	0.0235	1.0577	3	48.625	1.0630	1			
CHE	2001	1	0.0098	1.1523	3	24.822	1.6324	1			
THA	2001	1	0.0160	2.1673	3	24.5729	1.2857	0			
TUR	2001	0	0.3523	-5.6975	5	77.9	0.5292	1			
UK	2001	1	0.0179	2.4618	3	38.788	1.3444	1			
AUT	2001	0	0.0259	0.5411	1	60.659	1.2413	1			
BEL	2001	0	0.0241	0.7936	1	100	1.1880	1			
DNK	2001	0	0.0230	0.7049	1	52.02	1.5246	1			
FRA	2001	0	0.0164	1.8544	1	51	1.0571	1			
DEU	2001	0	0.0194	1.2400	1	36.452	1.4474	1			
GRC	2001	0	0.0329	4.1972	1	109.684	0.9964	1			
IRL	2001	0	0.0465	5.7933	1	30.892	1.0880	0			
ITA	2001	0	0.0271	1.8182	1	104.9	0.9673	1			
JPN	2001	0	-0.0076	0.1844	4	115.1606	2.9452	0			
LUX	2001	0	0.0260	2.5200	1	5.5	1.2175	1			
NLD	2001	0	0.0401	1.9258	1	41.317	1.4745	1			
PRT	2001	0	0.0421	2.0163	1	54.012	1.3698	1			
USA	2001	0	0.0275	0.7588	4	55.9363	1.9852	1			
ARG	2001	0	-0.0108	-4.4088	1	53.62	0.3724	1			
PAN	2001	0	0.0031	0.5743	1	70.1	0.9897	0			
BOL	2001	0	0.0156	1.6838	2	59.96	0.6055	0			
VEN	2001	0	0.1113	3.3942	2	36.2	0.1579	0			
CRI	2001	0	0.1009	1.0764	2	38.6	0.3441	1			
EGY	2001	0	0.0222	3.5352	1	79.58	0.9463	0			
CHN	2001	0	0.0046	8.3037	1	24.3	1.2300	1			
IND	2001	0	0.0355	5.2169	2	57.7173	0.5287	0			
PAK	2001	0	0.0305	1.9825	2	104.4	0.3809	0			
MYS	2001	0	0.0140	0.5177	1	43.6287	1.4653	0			
SGP	2001	0	0.0099	-2.3987	3	98.474	0.9204	0			
BGR	2001	0	0.0686	4.1000	1	65.7	0.1983	1			
LTU	2001	0	0.0134	6.7357	1	26.5305	0.1558	1			
LVA	2001	0	0.0242	8.0435	3	13.7331	0.2848	1			
EST	2001	0	0.0543	7.5162	1	2.925	0.3822	1			
CYP	2001	0	0.0194	3.9854	1	61.0142	2.3957	0			
AUS	2002	1	0.0292	3.8000	4	8.576	0.9909	1			
BRA	2002	1	0.0779	2.6583	3	56.07	0.7449	1			
CAN	2002	1	0.0221	2.9245	3	38.091	1.9841	1			
CHL	2002	1	0.0243	2.1841	3	15.675	0.8467	1			
COL	2002	1	0.0597	2.4590	3	40.1957	0.3753	1			
CZE	2002	1	0.0176	1.8968	3	16.064	0.4056	1			
FIN	2002	0	0.0154	1.5732	1	41.279	0.6292	1			
GHA	2002	0	0.1290	4.5490	2	129	0.3459	1			
GTM	2002	0	0.0743	3.8666	2	16.4	0.2679	1			
HUN	2002	1	0.0503	4.4000	2	55.3	0.5312	1			
ISL	2002	1	0.0492	0.1390	3	35.26	1.0476	1			
IDN	2002	0	0.1062	4.4995	3	80.3	0.5239	1			
ISR	2002	1	0.0538	-0.6649	2	95.349	0.8590	0			
MEX	2002	1	0.0479	0.8267	3	21.908	0.3154	0			
NZL	2002	1	0.0261	4.9102	3	28.4	1.1018	0			
NOR	2002	1	0.0127	1.5021	3	18.994	0.8078	0			
PER	2002	1	0.0019	5.0202	2	46.8	0.2269	1			
PHL	2002	1	0.0291	4.4494	2	59.2866	0.5509	1			
POL	2002	1	0.0186	1.4434	3	40.553	0.3716	1			
ROU	2002	0	0.1839	5.1000	3	26.8	0.1383	0			
SVK	2002	0	0.0322	4.5896	2	35.031	0.5113	1			
ZAF	2002	1	0.0839	3.6679	4	38.5455	1.6137	0			
KOR	2002	1	0.0269	7.1500	3	17.574	1.4187	0			
ESP	2002	0	0.0298	2.7042	1	43.942	1.2329	1			
SWE	2002	1	0.0211	2.4113	3	46.781	1.0625	1			
CHE	2002	1	0.0064	0.4431	3	28.178	1.6268	1			
THA	2002	1	0.0069	5.3176	3	30.6392	1.2778	0			
TUR	2002	0	0.3102	6.1638	5	74	0.4747	1			
UK	2002	1	0.0161	2.0965	3	39.131	1.3999	1			
AUT	2002	0	0.0177	1.6146	1	60.401	1.2222	1			
BEL	2002	0	0.0162	1.5090	1	97	1.1200	1			
DNK	2002	0	0.0237	0.4658	1	51.623	1.5553	1			
FRA	2002	0	0.0189	1.0265	1	53	1.0345	1			
DEU	2002	0	0.0138	0.0000	1	37.164	1.4309	1			
GRC	2002	0	0.0345	3.4393	1	109.199	0.9958	1			
IRL	2002	0	0.0445	6.4297	1	27.869	1.0923	0			
ITA	2002	0	0.0241	0.4540	1	102	0.9632	1			
JPN	2002	0	-0.0090	0.2623	4	128.8147	3.0214	0			
LUX	2002	0	0.0203	4.1052	1	5.5	0.9785	1			
NLD	2002	0	0.0318	0.0763	1	41.455	1.5308	1			
PRT	2002	0	0.0342	0.7594	1	56.71	1.3781	1			
USA	2002	0	0.0156	1.6130	4	58.3386	1.9174	1			
ARG	2002	0	0.2055	-10.8945	5	164.99	0.6242	1			
PAN	2002	0	0.0100	2.2289	1	69	0.9105	0			
BOL	2002	0	0.0092	2.4856	2	69.14	0.6112	0			
VEN	2002	0	0.1832	-8.8556	2	46.4	0.1527	0			
CRI	2002	0	0.0840	2.9022	2	40.8	0.3778	1			
EGY	2002	0	0.0266	2.3705	1	98.6758	1.0156	0			
CHN	2002	0	-0.0077	9.0087	1	26.1	1.4346	1			
IND	2002	0	0.0421	3.7668	2	63.245	0.5696	0			
PAK	2002	0	0.0319	3.2244	2	95.9	0.3722	0			
MYS	2002	0	0.0178	5.3910	1	45.5691	1.4364	0			
SGP	2002	0	-0.0039	4.1571	3	101.8254	0.7474	0			
BGR	2002	0	0.0549	4.5000	1	52.3	0.2307	1			
LTU	2002	0	0.0028	6.8635	1	25.2765	0.1780	1			
LVA	2002	0	0.0189	6.4725	2	13.181	0.3570	1			
EST	2002	0	0.0345	7.9393	1	3.555	0.4383	1			
CYP	2002	0	0.0272	2.1035	1	65.1497	1.9161	0			
AUS	2003	1	0.0270	3.2000	4	7.549	1.0378	1			
BRA	2003	1	0.1283	1.1468	3	52.36	0.7402	1			
CAN	2003	1	0.0268	1.8811	3	35.853	1.9202	1			
CHL	2003	1	0.0273	3.9169	3	13.001	0.8352	1			
COL	2003	1	0.0666	4.6122	3	42.4198	0.4072	1			
CZE	2003	1	0.0010	3.6023	3	19.137	0.4659	1			
FIN	2003	0	0.0087	1.8106	1	43.544	0.6687	1			
GHA	2003	0	0.2106	5.2460	2	107	0.2692	1			
GTM	2003	0	0.0520	2.5308	2	18.5	0.3194	1			
HUN	2003	1	0.0440	4.2571	2	57.8	0.5749	1			
ISL	2003	1	0.0202	2.4097	3	33.327	1.3029	1			
IDN	2003	0	0.0618	4.7804	3	66.5	0.4920	1			
ISR	2003	1	0.0067	1.5116	2	97.813	0.8073	1			
MEX	2003	1	0.0435	1.3515	3	22.07	0.3221	0			
NZL	2003	1	0.0172	4.3025	3	26.352	1.1338	0			
NOR	2003	1	0.0242	1.0136	3	21.322	0.8106	1			
PER	2003	1	0.0221	4.0323	2	47.3	0.1959	1			
PHL	2003	1	0.0334	4.9297	2	70.7588	0.5434	1			
POL	2003	1	0.0078	3.8671	3	44.944	0.3842	1			
ROU	2003	0	0.1325	5.2000	3	22.8	0.1586	0			
SVK	2003	0	0.0788	4.7789	2	35.069	0.4368	1			
ZAF	2003	1	0.0530	3.1199	4	37.1562	1.6661	0			
KOR	2003	1	0.0340	2.8028	3	21.62	1.3577	0			
ESP	2003	0	0.0295	3.0964	1	40.68	1.3162	1			
SWE	2003	1	0.0189	1.9126	3	47.712	1.0622	1			
CHE	2003	1	0.0063	-0.1978	3	28.262	1.6713	1			
THA	2003	1	0.0177	7.1400	3	27.8488	1.3075	0			
TUR	2003	0	0.2019	5.2653	4	67.7	0.4277	1			
UK	2003	1	0.0283	2.8180	3	38.667	1.4376	1			
AUT	2003	0	0.0134	0.8475	1	60.882	1.2156	1			
BEL	2003	0	0.0157	0.9912	1	91.1	1.0793	1			
DNK	2003	0	0.0205	0.3838	1	49.608	1.6140	1			
FRA	2003	0	0.0204	1.0874	1	56.3	1.0537	1			
DEU	2003	0	0.0103	-0.2173	1	38.48	1.4171	1			
GRC	2003	0	0.0342	5.5818	1	105.777	0.9384	1			
IRL	2003	0	0.0336	4.5142	1	26.863	1.1466	1			
ITA	2003	0	0.0260	-0.0169	1	99.7	1.0204	1			
JPN	2003	0	-0.0025	1.4135	4	134.2598	3.1105	0			
LUX	2003	0	0.0201	1.5477	1	4.5	0.9435	1			
NLD	2003	0	0.0207	0.3357	1	42.957	1.6020	1			
PRT	2003	0	0.0318	-0.8052	1	58.299	1.3808	1			
USA	2003	0	0.0222	2.5226	4	60.7877	2.0655	1			
ARG	2003	0	0.1185	8.8370	3	139.45	0.5063	1			
PAN	2003	0	0.0039	4.2058	1	67	0.8882	0			
BOL	2003	0	0.0323	2.7113	2	74.07	0.5810	0			
VEN	2003	0	0.2372	-7.7553	1	56.71	0.1060	1			
CRI	2003	0	0.0863	6.4045	2	40	0.4041	1			
EGY	2003	0	0.0431	3.2061	2	99.1749	1.0459	0			
CHN	2003	0	0.0114	10.0245	1	26	1.5188	1			
IND	2003	0	0.0367	8.3709	2	64.9	0.5568	0			
PAK	2003	0	0.0283	4.8463	2	87.64	0.3788	0			
MYS	2003	0	0.0098	5.7885	1	46.6548	1.3985	0			
SGP	2003	0	0.0051	3.4820	3	106.5239	0.8016	0			
BGR	2003	0	0.0211	5.0072	1	44.2	0.2863	1			
LTU	2003	0	-0.0114	10.2467	1	26.4659	0.2318	1			
LVA	2003	0	0.0287	7.1959	2	14.557	0.4493	1			
EST	2003	0	0.0132	7.5593	1	3.141	0.5037	1			
CYP	2003	0	0.0397	1.9064	1	69.7161	1.9113	1			
AUS	2004	1	0.0229	4.0000	4	6.716	1.0829	1			
BRA	2004	1	0.0619	5.7162	3	57.83	0.7261	1			
CAN	2004	1	0.0182	3.1200	3	32.109	1.9443	1			
CHL	2004	1	0.0104	6.0411	3	10.684	0.8256	1			
COL	2004	1	0.0558	4.6638	3	39.6651	0.4523	1			
CZE	2004	1	0.0275	4.4846	3	21.064	0.4296	1			
FIN	2004	0	0.0019	3.6964	1	41.925	0.6952	1			
GHA	2004	0	0.1121	5.5850	2	92	0.3143	1			
GTM	2004	0	0.0688	3.1520	2	19.1	0.3157	1			
HUN	2004	1	0.0635	4.6629	2	58.5	0.5808	1			
ISL	2004	1	0.0306	7.7041	3	28.179	1.6419	1			
IDN	2004	0	0.0588	5.0309	3	61	0.4962	1			
ISR	2004	1	-0.0042	4.9984	2	96.64	0.7692	1			
MEX	2004	1	0.0448	4.0120	3	20.745	0.3116	0			
NZL	2004	1	0.0224	3.7685	3	23.734	1.1812	0			
NOR	2004	1	0.0046	3.8641	3	18.402	0.8026	1			
PER	2004	1	0.0353	4.9767	2	43.3	0.1632	1			
PHL	2004	1	0.0564	6.3795	2	69.3903	0.5398	1			
POL	2004	1	0.0345	5.3447	3	43.574	0.3760	1			
ROU	2004	0	0.1062	8.4000	3	19.7	0.1684	1			
SVK	2004	0	0.0702	5.0305	2	38.405	0.4290	1			
ZAF	2004	1	-0.0089	4.8644	4	37.1905	1.7545	0			
KOR	2004	1	0.0346	4.6190	3	24.63	1.2865	0			
ESP	2004	0	0.0295	3.2668	1	39.268	1.4000	1			
SWE	2004	1	0.0037	4.1270	3	46.612	1.0818	1			
CHE	2004	1	0.0080	2.5327	3	28.066	1.6825	1			
THA	2004	1	0.0269	6.3441	3	28.1334	1.2453	0			
TUR	2004	0	0.0957	9.3628	4	59.6	0.4136	1			
UK	2004	1	0.0288	2.7578	3	40.023	1.5198	1			
AUT	2004	0	0.0202	2.5210	1	62.242	1.2228	1			
BEL	2004	0	0.0205	2.9659	1	86.8	1.0216	1			
DNK	2004	0	0.0115	2.2965	1	46.958	1.6477	1			
FRA	2004	0	0.0208	2.4703	1	58.8	1.0611	1			
DEU	2004	0	0.0164	1.2077	1	39.862	1.3874	1			
GRC	2004	0	0.0281	4.9161	1	108.624	0.9541	1			
IRL	2004	0	0.0215	4.7039	1	25.343	1.3355	1			
ITA	2004	0	0.0216	1.5318	1	99.1	1.0292	1			
JPN	2004	0	-0.0001	2.7443	4	149.1134	3.0695	0			
LUX	2004	0	0.0218	4.5475	1	4.9	0.9813	1			
NLD	2004	0	0.0121	2.2365	1	43.752	1.6974	1			
PRT	2004	0	0.0230	1.5155	1	60.97	1.3923	1			
USA	2004	0	0.0261	3.6498	4	61.8718	2.1288	1			
ARG	2004	0	0.0423	9.0296	3	127.03	0.4540	1			
PAN	2004	0	0.0018	7.5221	1	72.4	0.9033	0			
BOL	2004	0	0.0425	4.1733	2	89.57	0.5295	0			
VEN	2004	0	0.1786	18.2866	1	48.09	0.1051	1			
CRI	2004	0	0.1096	4.2595	2	39.36	0.4319	1			
EGY	2004	0	0.1013	4.0797	2	99.7741	1.0474	0			
CHN	2004	0	0.0374	10.0830	1	23.6	1.4037	1			
IND	2004	0	0.0363	8.2782	2	64	0.5758	0			
PAK	2004	0	0.0693	7.3686	2	78.86	0.4302	0			
MYS	2004	0	0.0150	6.7834	1	47.039	1.2748	0			
SGP	2004	0	0.0164	9.5790	3	102.3942	0.7238	0			
BGR	2004	0	0.0597	6.6417	1	36.8	0.3455	1			
LTU	2004	0	0.0113	7.3508	3	23.3728	0.3051	1			
LVA	2004	0	0.0583	8.6778	2	14.408	0.5394	1			
EST	2004	0	0.0296	7.2289	1	2.634	0.6023	1			
CYP	2004	0	0.0224	4.1999	1	70.9343	1.8791	1			
AUS	2005	1	0.0260	2.8001	4	6.312	1.1349	1			
BRA	2005	1	0.0643	3.1584	3	47.8017	0.7448	1			
CAN	2005	1	0.0217	2.8752	3	30.235	2.0270	1			
CHL	2005	1	0.0296	5.5595	3	7.282	0.7949	1			
COL	2005	1	0.0481	5.7210	3	38.1282	0.4950	1			
CZE	2005	1	0.0181	6.3164	3	23.164	0.4165	1			
FIN	2005	0	0.0085	2.7686	1	38.17	0.7748	1			
GHA	2005	0	0.1313	5.8660	2	75.9	0.3084	1			
GTM	2005	1	0.0776	3.2602	2	17.64	0.3443	1			
HUN	2005	1	0.0343	3.8731	3	60.3	0.6227	1			
ISL	2005	1	0.0383	7.4353	3	19.7	2.4241	1			
IDN	2005	1	0.0946	5.6926	3	57.4	0.4620	1			
ISR	2005	1	0.0131	5.0988	3	92.102	0.7816	1			
MEX	2005	1	0.0383	3.2002	3	20.295	0.3127	0			
NZL	2005	1	0.0295	2.9640	3	22.069	1.2736	0			
NOR	2005	1	0.0150	2.7392	3	35	0.8318	1			
PER	2005	1	0.0159	6.8267	2	37.67	0.1687	1			
PHL	2005	1	0.0709	4.9519	2	67.6899	0.4725	1			
POL	2005	1	0.0206	3.6171	3	44.764	0.3742	1			
ROU	2005	1	0.0825	4.1723	3	16	0.2071	1			
SVK	2005	1	0.0264	6.6654	2	33.103	0.4809	1			
ZAF	2005	1	0.0207	4.9650	4	36.4626	1.8589	0			
KOR	2005	1	0.0268	3.9572	3	28.66	1.3336	0			
ESP	2005	0	0.0326	3.6143	1	36.36	1.5921	1			
SWE	2005	1	0.0045	3.2983	3	46.232	1.1745	1			
CHE	2005	1	0.0116	2.5034	3	28.102	1.7136	1			
THA	2005	1	0.0434	4.6047	3	25.7169	1.1918	0			
TUR	2005	0	0.0921	8.4016	4	52.7	0.4563	1			
UK	2005	1	0.0275	2.0576	3	43.523	1.5903	1			
AUT	2005	0	0.0225	2.4590	1	62.116	1.3027	1			
BEL	2005	0	0.0271	1.8475	1	85.6	1.0343	1			
DNK	2005	0	0.0178	2.4452	1	39.292	1.7824	1			
FRA	2005	0	0.0178	1.8960	1	59.8	1.0901	1			
DEU	2005	0	0.0153	0.7727	1	40.832	1.3716	1			
GRC	2005	0	0.0344	2.8984	1	110.572	1.0661	1			
IRL	2005	0	0.0237	6.3733	1	23.524	1.5955	1			
ITA	2005	0	0.0195	0.6559	1	100.5	1.0743	1			
JPN	2005	0	-0.0027	1.9341	4	161.3388	3.1543	0			
LUX	2005	0	0.0243	5.1857	1	4.3	1.2749	1			
NLD	2005	0	0.0167	2.0465	1	42.952	1.7664	1			
PRT	2005	0	0.0224	0.9098	1	66.194	1.4396	1			
USA	2005	0	0.0328	2.9443	4	62.3883	2.1630	1			
ARG	2005	0	0.0879	9.1790	3	87.12	0.3826	1			
PAN	2005	0	0.0308	7.1913	1	68.1	0.9032	0			
BOL	2005	0	0.0512	4.4214	2	76.7	0.7127	0			
VEN	2005	0	0.1376	10.3179	1	42.9	0.1264	0			
CRI	2005	0	0.1212	5.8864	2	37.723	0.4401	1			
EGY	2005	0	0.0464	4.4783	2	103.5735	0.9802	0			
CHN	2005	0	0.0179	10.4285	1	22.3	1.3430	1			
IND	2005	0	0.0407	9.3523	2	64.1	0.5836	0			
PAK	2005	0	0.0831	7.6673	2	68.8	0.4648	0			
MYS	2005	0	0.0288	5.3321	1	45.6084	1.1766	0			
SGP	2005	0	0.0042	7.3072	3	100.1046	0.6213	0			
BGR	2005	0	0.0480	6.2456	1	27.2	0.4023	1			
LTU	2005	0	0.0260	7.8022	2	21.3696	0.4309	1			
LVA	2005	0	0.0632	10.6009	2	13.4237	0.7187	1			
EST	2005	0	0.0393	9.4311	1	2.091	0.6828	1			
CYP	2005	0	0.0249	3.9481	1	69.3911	1.9123	1			
AUS	2006	1	0.0342	2.9999	4	5.76	1.1844	1			
BRA	2006	1	0.0402	3.9691	3	46.7892	0.8659	1			
CAN	2006	1	0.0196	3.1102	3	27.934	2.1962	1			
CHL	2006	1	0.0328	4.5899	3	5.264	0.7872	1			
COL	2006	1	0.0412	6.9431	3	36.9215	0.5168	1			
CZE	2006	1	0.0247	6.8078	3	24.904	0.4666	1			
FIN	2006	0	0.0154	4.9229	1	35.561	0.8240	1			
GHA	2006	0	0.0984	6.4270	2	48	0.2110	1			
GTM	2006	1	0.0606	5.3798	2	21.8767	0.3896	1			
HUN	2006	1	0.0373	3.9685	3	64	0.6838	1			
ISL	2006	1	0.0627	4.4690	3	22.8	3.0455	1			
IDN	2006	1	0.1159	5.5010	3	38.6	0.4166	1			
ISR	2006	1	0.0207	5.2830	3	82.659	0.7128	1			
MEX	2006	1	0.0350	4.8148	3	20.583	0.3436	0			
NZL	2006	1	0.0330	1.8342	3	21.58	1.3590	0			
NOR	2006	1	0.0228	2.2809	3	9.4	0.8696	1			
PER	2006	1	0.0196	7.7405	2	33	0.1457	1			
PHL	2006	1	0.0587	5.3410	2	63.8	0.4825	1			
POL	2006	1	0.0110	6.2275	3	45.143	0.4204	1			
ROU	2006	1	0.0617	7.9000	3	13.3	0.2404	1			
SVK	2006	1	0.0429	8.5033	2	29.164	0.4977	1			
ZAF	2006	1	0.0309	5.3213	4	29.6136	2.0034	0			
KOR	2006	1	0.0215	5.1787	3	31.12	1.4725	0			
ESP	2006	0	0.0340	3.8889	1	32.965	1.7715	1			
SWE	2006	1	0.0134	4.2465	3	42.242	1.2224	1			
CHE	2006	1	0.0105	3.3835	3	25.195	1.7533	1			
THA	2006	1	0.0443	5.1459	3	25.061	1.0896	0			
TUR	2006	1	0.0951	6.8935	4	46.5	0.4577	1			
UK	2006	1	0.0310	2.8378	3	43.185	1.6892	1			
AUT	2006	0	0.0143	3.5000	1	60.434	1.2962	1			
BEL	2006	0	0.0176	2.9871	1	82.2	1.0860	1			
DNK	2006	0	0.0186	3.3440	1	32.715	1.9000	1			
FRA	2006	0	0.0158	2.2168	1	57	1.1507	1			
DEU	2006	0	0.0155	2.9603	1	41.232	1.3173	1			
GRC	2006	0	0.0310	4.4969	1	107.675	1.0906	1			
IRL	2006	0	0.0379	5.7085	1	20.253	1.7981	1			
ITA	2006	0	0.0205	2.0360	1	100.1	1.1159	1			
JPN	2006	0	0.0024	2.0395	4	164.2466	3.0621	0			
LUX	2006	0	0.0261	6.4434	1	5	1.5162	1			
NLD	2006	0	0.0112	3.3761	1	39.169	1.7770	1			
PRT	2006	0	0.0267	1.3678	1	67.732	1.5525	1			
USA	2006	0	0.0313	2.7787	4	62.6358	2.2629	1			
ARG	2006	0	0.0983	8.4661	3	76.44	0.3081	1			
PAN	2006	0	0.0205	8.5278	1	58.4	0.9062	0			
BOL	2006	0	0.0411	4.7970	2	80.4	0.5747	0			
VEN	2006	0	0.1202	10.3473	1	33.7	0.1842	0			
CRI	2006	0	0.1029	8.7796	2	51.8	0.4396	1			
EGY	2006	0	0.0710	6.8485	2	104.4485	0.9297	0			
CHN	2006	0	0.0144	11.6506	3	22.1	1.3348	1			
IND	2006	0	0.0548	9.6693	2	51.1247	0.6087	0			
PAK	2006	0	0.0734	6.1775	2	63.5	0.4220	0			
MYS	2006	0	0.0348	5.7745	1	42.3	1.1458	0			
SGP	2006	0	0.0101	8.3516	3	94.5104	0.6247	0			
BGR	2006	0	0.0677	6.7464	1	21.3	0.4073	1			
LTU	2006	0	0.0361	7.8448	2	20.9992	0.4894	1			
LVA	2006	0	0.0613	12.2332	3	9.9	0.8970	1			
EST	2006	0	0.0424	9.9556	1	1.836	0.8115	1			
CYP	2006	0	0.0244	4.1428	1	64.652	2.0433	1			
AUS	2007	1	0.0228	3.3000	4	5.181	1.4685	1			
BRA	2007	1	0.0351	5.6695	3	45.4425	0.9224	1			
CAN	2007	1	0.0209	2.7134	3	25.183	1.5419	1			
CHL	2007	1	0.0422	4.6804	3	4.097	0.8526	1			
COL	2007	1	0.0525	7.5459	3	32.9391	0.5257	1			
CZE	2007	1	0.0283	6.1310	3	25.24	0.5128	1			
FIN	2007	0	0.0245	4.2027	1	31.201	0.8513	1			
GHA	2007	1	0.0969	5.6730	2	58.5	0.2286	1			
GTM	2007	1	0.0606	6.2687	2	21.6878	0.3855	1			
HUN	2007	1	0.0735	1.2183	3	64.6	0.7565	1			
ISL	2007	1	0.0481	5.5129	3	23.7	3.1395	1			
IDN	2007	1	0.0594	6.2781	3	39.5	0.4058	1			
ISR	2007	1	0.0051	5.2039	3	72.7759	0.8336	1			
MEX	2007	1	0.0382	3.2029	3	20.861	0.3694	0			
NZL	2007	1	0.0179	3.0870	3	20.343	1.4012	0			
NOR	2007	1	0.0072	3.1342	3	42	1.1110	1			
PER	2007	1	0.0175	8.8685	2	29.7	0.1604	1			
PHL	2007	1	0.0275	7.0788	2	59.5	0.4835	1			
POL	2007	1	0.0233	6.7852	3	42.62	0.4627	1			
ROU	2007	1	0.0461	6.0000	3	13.9	0.3475	1			
SVK	2007	1	0.0268	10.5794	2	28.108	0.5159	1			
ZAF	2007	1	0.0574	5.0978	4	27.7998	2.0158	0			
KOR	2007	1	0.0248	5.1058	3	30.66	1.5363	0			
ESP	2007	0	0.0272	3.6627	1	30.019	1.9770	1			
SWE	2007	1	0.0216	2.5597	3	36.406	1.3044	1			
CHE	2007	1	0.0073	3.3260	3	23.216	1.7816	1			
THA	2007	1	0.0219	4.9306	3	37.6	1.3158	0			
TUR	2007	1	0.0805	4.6686	4	39.9	0.4926	1			
UK	2007	1	0.0410	3.0224	3	42.744	1.8461	1			
AUT	2007	0	0.0217	3.4783	1	57.829	1.2690	1			
BEL	2007	0	0.0179	2.7565	1	78.9	1.1167	1			
DNK	2007	0	0.0169	1.6465	1	27.765	2.0519	1			
FRA	2007	0	0.0147	2.3242	1	53.1	1.2205	1			
DEU	2007	0	0.0224	2.4604	1	39.55	1.2468	1			
GRC	2007	0	0.0282	4.0361	1	105.674	1.1363	1			
IRL	2007	0	0.0465	6.0266	1	19.834	1.9527	1			
ITA	2007	0	0.0180	1.5638	1	97	1.2817	1			
JPN	2007	0	0.0006	2.3931	4	163.3751	2.9688	0			
LUX	2007	0	0.0225	5.2006	1	5.2	1.8288	1			
NLD	2007	0	0.0159	3.4607	1	37.552	1.9758	1			
PRT	2007	0	0.0273	1.8723	1	66.622	1.6559	1			
USA	2007	0	0.0277	2.0230	4	63.7349	2.3567	1			
ARG	2007	0	0.0811	8.6533	2	67.39	0.2852	1			
PAN	2007	0	0.0400	11.5431	1	53	0.8783	0			
BOL	2007	0	0.0801	4.5644	2	55.2	0.5351	0			
VEN	2007	0	0.1575	8.4003	1	28.4	0.1994	0			
CRI	2007	0	0.0856	7.7955	1	46.6	0.4799	1			
EGY	2007	0	0.0852	7.0747	2	94.4052	0.8415	0			
CHN	2007	0	0.0454	13.0380	3	18.4	1.2778	1			
IND	2007	0	0.0599	9.0604	2	58.2000	0.6081	0			
PAK	2007	0	0.0706	5.6831	2	57.5	0.4546	0			
MYS	2007	0	0.0199	6.3471	1	41.6	1.0943	0			
SGP	2007	0	0.0205	7.7662	3	94.3364	0.6942	0			
BGR	2007	0	0.0775	6.1673	1	16.9	0.5564	1			
LTU	2007	0	0.0543	8.9246	1	18.9993	0.5991	1			
LVA	2007	0	0.0918	9.9776	3	7.9	0.8952	1			
EST	2007	0	0.0619	7.2037	1	1.319	0.9035	1			
CYP	2007	0	0.0232	4.4451	1	58.7964	2.2419	1			
AUS	2008	1	0.0417	2.6852	4	4.922	1.5969	1			
BRA	2008	1	0.0536	5.1700	3	38.8	0.9690	1			
CAN	2008	1	0.0232	1.1754	3	28.642	1.7765	1			
CHL	2008	1	0.0802	3.2925	3	5.173	1.0109	1			
COL	2008	1	0.0654	3.5468	3	33.2565	0.5548	1			
CZE	2008	1	0.0597	3.0990	3	27.102	0.5558	1			
FIN	2008	0	0.0391	0.2936	1	29.452	0.8791	1			
GHA	2008	1	0.1418	8.4306	2	53.8	0.2790	1			
GTM	2008	1	0.1020	3.2811	2	20.1362	0.3690	1			
HUN	2008	1	0.0572	0.8932	3	69.9	0.8093	1			
ISL	2008	1	0.1125	1.1881	3	62.9	1.8592	1			
IDN	2008	1	0.0891	6.0137	3	33.07	0.3677	1			
ISR	2008	1	0.0440	4.4536	3	71.4821	0.8549	1			
MEX	2008	1	0.0488	1.3799	3	24.369	0.3702	0			
NZL	2008	1	0.0381	-1.7606	3	20.721	1.5333	0			
NOR	2008	1	0.0363	0.0676	3	38.6	1.1526	1			
PER	2008	1	0.0547	9.8383	2	24	0.1850	1			
PHL	2008	1	0.0763	4.1528	3	56.9	0.4744	1			
POL	2008	1	0.0417	5.1266	3	44.686	0.5994	1			
ROU	2008	1	0.0728	7.8617	3	13.6	0.4637	1			
SVK	2008	1	0.0440	6.1705	2	28.1	0.5411	1			
ZAF	2008	1	0.1034	3.5761	4	27.2177	1.7632	0			
KOR	2008	1	0.0447	2.2984	3	30.11	1.7081	0			
ESP	2008	0	0.0392	0.8917	1	33.695	2.1447	1			
SWE	2008	1	0.0332	-0.6134	3	35.56	1.3460	1			
CHE	2008	1	0.0237	2.1643	3	22.376	1.7447	1			
THA	2008	1	0.0518	2.4628	3	37.9	1.3050	0			
TUR	2008	1	0.0946	0.6588	3	40.011	0.5254	1			
UK	2008	1	0.0349	-0.7695	3	61.059	2.0935	1			
AUT	2008	0	0.0312	1.4363	1	60.1	1.3085	1			
BEL	2008	0	0.0430	0.9844	1	83.9	1.1306	1			
DNK	2008	0	0.0329	-0.7839	1	32.318	2.0944	1			
FRA	2008	0	0.0274	-0.1929	1	56.7	1.2435	1			
DEU	2008	0	0.0256	0.8018	1	40.7	1.2663	1			
GRC	2008	0	0.0399	-0.2143	1	123.1	1.1574	1			
IRL	2008	0	0.0390	-2.1099	1	44.3	2.0708	1			
ITA	2008	0	0.0326	-1.1613	1	100	1.3201	1			
JPN	2008	0	0.0135	-1.0714	4	168.959	3.0013	0			
LUX	2008	0	0.0329	-0.7343	1	12.9	1.9370	1			
NLD	2008	0	0.0243	1.7693	1	50.068	1.9599	1			
PRT	2008	0	0.0253	-0.0085	1	68.88	1.7769	1			
USA	2008	0	0.0370	-0.2906	4	72.6887	2.1674	1			
ARG	2008	0	0.0791	6.9633	2	58.51	0.2445	1			
PAN	2008	0	0.0805	10.1174	1	45	0.8608	0			
BOL	2008	0	0.1228	6.1485	2	41	0.4836	0			
VEN	2008	0	0.2392	5.2779	1	29.9	0.2018	0			
CRI	2008	0	0.1183	2.7316	1	42.2	0.5420	1			
EGY	2008	0	0.1548	7.1563	2	83.1374	0.7770	0			
CHN	2008	0	0.0554	9.6347	3	15.6	1.2080	1			
IND	2008	0	0.0771	6.7248	2	57.6	0.6767	0			
PAK	2008	0	0.1686	1.5959	2	54.9	0.5123	0			
MYS	2008	0	0.0516	4.8318	3	40	1.1085	0			
SGP	2008	0	0.0612	1.7476	3	99.1917	0.7670	0			
BGR	2008	0	0.1099	6.1906	1	13.4	0.6427	1			
LTU	2008	0	0.0985	2.9124	1	18.3544	0.6420	1			
LVA	2008	0	0.1335	-2.7714	3	24.1	0.8944	1			
EST	2008	0	0.0939	-3.6707	1	1.761	0.9629	1			
CYP	2008	0	0.0446	3.0211	1	48.8905	2.8017	1			
AUS	2009	1	0.0179	1.5445	4	8.195	1.5149	1			
BRA	2009	1	0.0466	-0.3300	3	46.065	0.9309	1			
CAN	2009	1	0.0030	-2.7115	3	35.716	1.2890	1			
CHL	2009	1	0.0146	2.7660	3	6.228	1.0336	1			
COL	2009	1	0.0403	1.4519	3	35.0114	0.6201	1			
CZE	2009	1	0.0103	-4.5071	3	32.496	0.6023	1			
FIN	2009	0	0.0000	-8.5387	1	37.549	0.9813	1			
GHA	2009	1	0.1614	3.9916	2	33.3	0.2870	1			
GTM	2009	1	0.0183	0.5260	2	23.05	0.3750	1			
HUN	2009	1	0.0404	-6.7674	3	76.1	0.8135	1			
ISL	2009	1	0.1072	-6.5618	3	78.5	1.8277	1			
IDN	2009	1	0.0459	4.6289	3	28.39	0.3697	1			
ISR	2009	1	0.0322	1.2479	3	73.7669	0.8139	1			
MEX	2009	1	0.0503	-4.7437	3	28.086	0.4309	0			
NZL	2009	1	0.0207	1.4997	3	22.0291	1.5261	0			
NOR	2009	1	0.0212	-1.6349	3	31.3	1.2080	1			
PER	2009	1	0.0285	0.8755	2	24.5	0.1840	1			
PHL	2009	1	0.0397	1.1483	3	39.1567	0.4871	1			
POL	2009	1	0.0368	1.6283	3	48.2	0.6141	1			
ROU	2009	1	0.0529	-6.7988	3	23	0.5163	1			
SVK	2009	1	0.0159	-5.0526	1	35	1.2054	1			
ZAF	2009	1	0.0666	-1.6822	4	32.9861	1.8909	0			
KOR	2009	1	0.0268	0.3195	3	33.77	1.7016	0			
ESP	2009	0	-0.0029	-3.7448	1	46.4	2.2932	1			
SWE	2009	1	-0.0050	-5.0277	3	38.1	1.4414	1			
CHE	2009	1	-0.0048	-1.9368	3	20.723	1.8653	1			
THA	2009	1	-0.0085	-2.2529	3	43.8805	1.3701	0			
TUR	2009	1	0.0588	-4.8259	3	46.35	0.6302	1			
UK	2009	1	0.0212	-5.1704	3	66.2	2.2543	1			
AUT	2009	0	0.0050	-3.8219	1	64.7	1.4014	1			
BEL	2009	0	-0.0005	-2.7996	1	87.8	1.1882	1			
DNK	2009	0	0.0131	-5.6662	1	37.891	2.2217	1			
FRA	2009	0	0.0009	-3.0536	1	65.4	1.2879	1			
DEU	2009	0	0.0031	-5.0733	1	45.3	1.3311	1			
GRC	2009	0	0.0120	-3.1361	1	139.9	1.1589	1			
IRL	2009	0	-0.0469	-5.4558	1	63.9	2.2149	1			
ITA	2009	0	0.0074	-5.5298	1	109.3	1.4158	1			
JPN	2009	0	-0.0137	-5.5225	4	185.0021	3.2676	0			
LUX	2009	0	0.0037	-5.5563	1	13.9	1.9952	1			
NLD	2009	0	0.0118	-3.6511	1	55.5	2.2325	1			
PRT	2009	0	-0.0084	-2.9083	1	81.5	1.9503	1			
USA	2009	0	-0.0036	-2.8021	4	85.3869	2.3137	1			
ARG	2009	0	0.0591	0.6516	2	58.7	0.2796	1			
PAN	2009	0	0.0235	3.8562	1	43.5	0.8348	0			
BOL	2009	0	0.0324	3.3570	1	37.5	0.4951	0			
VEN	2009	0	0.2131	-3.2023	1	26.3	0.2590	0			
CRI	2009	0	0.0727	-1.0157	1	38.04	0.5461	1			
EGY	2009	0	0.1053	4.6485	2	83.3748	0.7511	0			
CHN	2009	0	-0.0071	9.2170	1	17	1.4508	1			
IND	2009	0	0.0981	8.5940	2	54.3	0.7015	0			
PAK	2009	0	0.1201	3.5954	2	59.6	0.4670	0			
MYS	2009	0	0.0058	-1.5135	3	50.8	1.3105	0			
SGP	2009	0	0.0060	-0.7868	3	109.4	0.8805	0			
BGR	2009	0	0.0268	-5.4764	1	14.2	0.6963	1			
LTU	2009	0	0.0425	-14.8471	2	27.8	0.7000	1			
LVA	2009	0	0.0341	-17.6990	3	40.3	0.9431	1			
EST	2009	0	-0.0008	-14.2579	1	3.55	1.0442	1			
CYP	2009	0	0.0037	-1.8541	1	58.5309	3.0299	1			
AUS	2010	1	0.0277	2.2463	4	10.966	1.5485	1			
BRA	2010	1	0.0480	7.5300	3	38.3788	0.9626	1			
CAN	2010	1	0.0175	3.3743	3	36.073	1.0654	1			
CHL	2010	1	0.0139	15.1012	3	9.185	1.0160	1			
COL	2010	1	0.0223	4.2895	3	34.917	0.6671	1			
CZE	2010	1	0.0139	2.4693	3	36.625	0.6261	1			
FIN	2010	0	0.0120	3.3631	1	41.683	1.0132	1			
GHA	2010	1	0.0967	8.0086	2	34	0.2837	1			
GTM	2010	1	0.0372	2.8695	2	24.4	0.3655	1			
HUN	2010	1	0.0465	1.0540	3	77.6	0.8243	1			
ISL	2010	1	0.0512	-4.0988	3	84	1.6671	1			
IDN	2010	1	0.0488	6.2239	3	26.1	0.3639	1			
ISR	2010	1	0.0262	5.6645	3	69.9874	1.0943	1			
MEX	2010	1	0.0399	5.1554	3	27.46	0.4459	0			
NZL	2010	1	0.0225	0.1515	3	27.7986	1.5395	0			
NOR	2010	1	0.0234	0.4781	3	30.9	1.1332	1			
PER	2010	1	0.0151	8.7947	2	22.2	0.1769	1			
PHL	2010	1	0.0373	7.6323	3	32.5071	0.4923	1			
POL	2010	1	0.0264	3.8747	3	51.7	0.6352	1			
ROU	2010	1	0.0574	-0.9397	3	29.5	0.5384	1			
SVK	2010	0	0.0095	4.4253	1	40.1	0.9207	1			
ZAF	2010	1	0.0409	2.8492	4	35.9666	1.9166	0			
KOR	2010	1	0.0287	6.3203	3	33.43	1.6289	0			
ESP	2010	0	0.0177	-0.3198	1	52.6	2.3517	1			
SWE	2010	1	0.0114	6.5569	3	34.6	1.4203	1			
CHE	2010	1	0.0069	2.9532	3	20.24	1.8368	1			
THA	2010	1	0.0317	7.8105	3	42.3784	1.4270	0			
TUR	2010	1	0.0789	9.1570	3	42.851	0.6963	1			
UK	2010	1	0.0318	1.6598	3	77.4	2.1933	1			
AUT	2010	0	0.0178	1.7692	1	66.4	1.3797	1			
BEL	2010	0	0.0214	2.3230	1	87.4	1.1667	1			
DNK	2010	0	0.0225	1.3869	1	39.59	2.1472	1			
FRA	2010	0	0.0151	1.5733	1	67.8	1.3275	1			
DEU	2010	0	0.0109	4.0242	1	52.7	1.3101	1			
GRC	2010	0	0.0450	-4.9424	1	159.3	1.4887	1			
IRL	2010	0	-0.0096	-0.7667	1	90.7	2.3011	1			
ITA	2010	0	0.0152	1.6828	1	112.2	1.5554	1			
JPN	2010	0	-0.0072	4.6775	4	190.5072	3.2470	0			
LUX	2010	0	0.0222	3.1012	1	17.8	1.9048	1			
NLD	2010	0	0.0126	1.4669	1	57.4	2.1287	1			
PRT	2010	0	0.0138	1.9364	1	91.9	2.0884	1			
USA	2010	0	0.0161	2.5068	4	93.7607	2.2811	1			
ARG	2010	0	0.0973	9.1610	2	49.18	0.2918	1			
PAN	2010	0	0.0337	7.4522	1	39.2	0.8836	0			
BOL	2010	0	0.0244	4.1267	1	40.5	0.4937	0			
VEN	2010	0	0.2199	-1.4888	1	33.8	0.2251	0			
CRI	2010	0	0.0536	4.9543	1	43.06	0.5063	1			
EGY	2010	0	0.1012	5.1844	2	83.6334	0.6942	0			
CHN	2010	0	0.0321	10.3256	1	17.7	1.4628	1			
IND	2010	0	0.1071	9.3208	2	50.6	0.7194	0			
PAK	2010	0	0.1219	3.5468	2	60.7	0.4619	0			
MYS	2010	0	0.0168	7.4248	3	51.1	1.2702	0			
SGP	2010	0	0.0272	14.7808	3	105	0.8240	0			
BGR	2010	0	0.0238	0.3928	1	15.6	0.7094	1			
LTU	2010	0	0.0132	1.5967	2	35.2	0.6459	1			
LVA	2010	0	-0.0110	-1.3066	1	45.3	0.8964	1			
EST	2010	0	0.0289	2.2635	1	3.227	0.9845	1			
CYP	2010	0	0.0233	1.3081	1	61.3266	3.1575	1			
AUS	2011	1	0.0328	2.5816	4	46.4993	1.5254	1			
BRA	2011	1	0.0622	2.7300	3	44.0633	1.0052	1			
CAN	2011	1	0.0283	2.5282	3	44.9003	1.1065	1			
CHL	2011	1	0.0323	9.3641	3	11.1366	1.0608	1			
COL	2011	1	0.0330	6.6000	3	33.5234	0.6684	1			
CZE	2011	1	0.0190	1.8186	3	38.8	0.6774	1			
FIN	2011	0	0.0330	2.7261	1	45.6	1.0195	1			
GHA	2011	1	0.0803	15.0089	2	41.8	0.2748	1			
GTM	2011	1	0.0585	4.2397	2	24.15	0.3674	1			
HUN	2011	1	0.0381	1.5708	3	77.9	0.7716	1			
ISL	2011	1	0.0384	2.6552	3	90.2	1.4800	1			
IDN	2011	1	0.0509	6.4904	3	26.4	0.3856	1			
ISR	2011	1	0.0334	4.5735	3	68.5119	1.1133	1			
MEX	2011	1	0.0330	3.8560	3	22.0141	0.4526	0			
NZL	2011	1	0.0424	2.1864	3	31.5359	0.9500	0			
NOR	2011	1	0.0128	1.3412	3	16.5	1.0717	1			
PER	2011	1	0.0326	6.9131	2	19.7	0.1812	1			
PHL	2011	1	0.0444	3.6387	3	37.0637	0.5199	1			
POL	2011	1	0.0408	4.5208	3	53.3	0.6606	1			
ROU	2011	1	0.0547	2.3089	3	33.7	0.5412	1			
SVK	2011	0	0.0377	2.9834	1	43.2	0.9329	1			
ZAF	2011	1	0.0502	3.3380	4	39.6521	1.7802	0			
KOR	2011	1	0.0385	3.6821	3	34.23	1.6526	0			
ESP	2011	0	0.0310	0.4179	1	59.5	2.3467	1			
SWE	2011	1	0.0288	2.9326	3	32.5	1.4322	1			
CHE	2011	1	0.0023	1.7903	3	25.65	1.8562	1			
THA	2011	1	0.0367	0.0507	3	40.7817	1.5918	0			
TUR	2011	1	0.0608	8.7727	3	39.14	0.6928	1			
UK	2011	1	0.0429	1.1174	3	83.3	2.0974	1			
AUT	2011	0	0.0316	2.8343	1	66.3	1.3600	1			
BEL	2011	0	0.0341	1.7744	1	90	1.1704	1			
DNK	2011	0	0.0268	1.0713	1	39.3	2.0542	1			
FRA	2011	0	0.0207	1.6985	1	70.4	1.3314	1			
DEU	2011	0	0.0203	3.0957	1	50.7	1.2401	1			
GRC	2011	0	0.0322	-7.1048	1	181.2	1.5322	1			
IRL	2011	0	0.0251	1.4314	1	103.6	2.1711	1			
ITA	2011	0	0.0267	0.6050	1	113.8	1.5699	1			
JPN	2011	0	-0.0028	-0.4173	4	203.2915	3.3747	0			
LUX	2011	0	0.0330	1.9054	1	17	1.7610	1			
NLD	2011	0	0.0230	1.0228	1	58.9	2.1240	1			
PRT	2011	0	0.0352	-1.2504	1	106.3	2.0384	1			
USA	2011	0	0.0306	1.8473	4	97.9992	2.2788	1			
ARG	2011	0	0.0865	8.8695	2	44.94	0.3131	1			
PAN	2011	0	0.0555	10.8605	1	37.8	0.8974	0			
BOL	2011	0	0.0894	5.1739	1	39.6	0.4850	0			
VEN	2011	0	0.2069	4.1764	1	36.3	0.2933	0			
CRI	2011	0	0.0466	4.4346	1	43.19	0.5309	1			
EGY	2011	0	0.0914	1.7530	2	86.494	0.7461	0			
CHN	2011	0	0.0513	9.3500	1	33.5	1.4542	1			
IND	2011	0	0.0814	6.2897	2	43.7	0.7384	0			
PAK	2011	0	0.1065	2.9558	2	61.5	0.4269	0			
MYS	2011	0	0.0310	5.1279	3	51.6	1.2825	0			
SGP	2011	0	0.0499	5.1604	3	110.2	0.9156	0			
BGR	2011	0	0.0405	1.8409	1	15.7	0.7134	1			
LTU	2011	0	0.0397	6.0488	2	35.1	0.5730	1			
LVA	2011	0	0.0420	5.3065	1	41.6	0.7871	1			
EST	2011	0	0.0474	9.5360	1	3.1	0.8438	1			
CYP	2011	0	0.0318	0.5324	1	71.4756	3.2798	1			
AUS	2012	1	0.0173	3.5882	4	45.4021	1.5423	1			
BRA	2012	1	0.0513	0.9000	3	46.9515	1.1054	1			
CAN	2012	1	0.0149	1.7090	3	46.1511	1.1600	1			
CHL	2012	1	0.0292	6.7527	3	11.9734	1.0803	1			
COL	2012	1	0.0308	4.2000	3	32.1477	0.7295	1			
CZE	2012	1	0.0319	-1.0211	3	43.4	0.6844	1			
FIN	2012	0	0.0273	-0.8266	1	48.8	1.0517	1			
GHA	2012	1	0.0839	7.9115	2	49.3	0.3228	1			
GTM	2012	1	0.0364	2.9736	2	24.4	0.3918	1			
HUN	2012	1	0.0540	-1.6645	3	76.2	0.6874	1			
ISL	2012	1	0.0493	1.4629	3	88.1	1.4395	1			
IDN	2012	1	0.0410	6.2265	3	33.231	0.4262	1			
ISR	2012	1	0.0168	3.3519	3	66.922	1.1754	1			
MEX	2012	1	0.0395	3.8699	3	22.9391	0.4702	0			
NZL	2012	1	0.0088	2.1479	3	36.3349	1.0233	0			
NOR	2012	1	0.0070	2.8963	3	17.3	1.0326	1			
PER	2012	1	0.0352	6.1948	2	18.2	0.1743	1			
PHL	2012	1	0.0307	6.8145	3	51.46	0.5088	1			
POL	2012	1	0.0343	1.9387	3	52.9	0.6381	1			
ROU	2012	1	0.0323	0.3537	3	36.6	0.5427	1			
SVK	2012	0	0.0348	1.8012	1	52.4	1.0089	1			
ZAF	2012	1	0.0514	3.0931	4	30.2103	1.8718	0			
KOR	2012	1	0.0215	2.0441	3	34.98	1.6870	0			
ESP	2012	0	0.0239	-1.4189	1	73.9	2.2588	1			
SWE	2012	1	0.0088	0.9282	3	31.6	1.4529	1			
CHE	2012	1	-0.0067	1.0491	3	55.6021	1.9294	1			
THA	2012	1	0.0293	6.5185	3	43.6144	1.6961	0			
TUR	2012	1	0.0817	2.1706	3	36.18	0.7189	1			
UK	2012	1	0.0274	0.2514	3	88	2.0666	1			
AUT	2012	0	0.0243	0.8705	1	68	1.3502	1			
BEL	2012	0	0.0276	-0.1378	1	91.2	1.1673	1			
DNK	2012	0	0.0235	-0.3588	1	38.4	2.0598	1			
FRA	2012	0	0.0192	0.4451	1	74.9	1.3637	1			
DEU	2012	0	0.0197	0.8699	1	51.3	1.2255	1			
GRC	2012	0	0.0148	-6.9806	1	161.1	1.3551	1			
IRL	2012	0	0.0166	0.9375	1	117	2.0168	1			
ITA	2012	0	0.0295	-2.5564	1	120.1	1.6747	1			
JPN	2012	0	-0.0003	1.4349	4	210.4045	3.4613	0			
LUX	2012	0	0.0260	-0.1760	1	20	1.7356	1			
NLD	2012	0	0.0239	-1.2631	1	64.6	2.1616	1			
PRT	2012	0	0.0270	-3.2306	1	123.7	1.9886	1			
USA	2012	0	0.0203	2.7793	4	101.1598	2.2987	1			
ARG	2012	0	0.0912	1.8995	2	47.73	0.3730	1			
PAN	2012	0	0.0539	10.7955	1	36	0.8902	0			
BOL	2012	0	0.0439	5.1764	1	34.7	0.4874	0			
VEN	2012	0	0.1740	5.6260	1	43.3	0.4198	0			
CRI	2012	0	0.0431	5.1290	1	43.37	0.5338	1			
EGY	2012	0	0.0665	2.2262	2	91.4867	0.7765	0			
CHN	2012	0	0.0258	7.7900	1	28.7	1.5512	1			
IND	2012	0	0.0852	4.4703	2	49.7	0.7589	0			
PAK	2012	0	0.0883	4.1854	2	68.5	0.4576	0			
MYS	2012	0	0.0163	5.6400	3	53.3	1.3399	0			
SGP	2012	0	0.0433	1.3190	3	115.1	0.9952	0			
BGR	2012	0	0.0287	0.7755	1	18	0.7099	1			
LTU	2012	0	0.0299	3.6594	2	37.4	0.5199	1			
LVA	2012	0	0.0220	5.2167	1	39.9	0.6291	1			
EST	2012	0	0.0379	2.9416	1	7.1	0.7716	1			
CYP	2012	0	0.0233	-2.4234	1	86.6215	3.4734	1			
											
											
											
											
											
											
											
											
											
											
											
											
											
											
											
											
											
											
											
											
											
											
											
											
											
											
											
											
											
											
											
											
											
											
											
											
											
											
											
											
											
											
											
											
											
											
											
											
											
											
											
											
											
											
											
											
											
											
											
											
											
											
											
											
											
											
											
											
											
											
											
											
											
											
											
											
											
											
											
											
											
											
											
											
											
											
											
											
											
											
											
											
											
											
											
											
											
											
											
											
											
											
											
											
											
											
											
											
											
											
											
											
											
											
											
											
											
											
											
											
											
											
											
											
											
											
											
											
											
											
											
											
											
											
											
											
											
											
											
											
											
											
											
											
											
											
											
											
											
											
											
											
											
											
											
											
											
											
											
											
											
											
											
											
											
											
											
											
											
											
											
											
											
											
											
											
											
											
											
											
											
											
											
											
											
											
											
											
											
											
											
											
											
											
